,2023-01-03 00:00:00,2023-01-04 00:00:00,2023-01-05 00:00:00,2023-01-06 00:00:00,2023-01-09 00:00:00,2023-01-10 00:00:00,2023-01-11 00:00:00,2023-01-12 00:00:00,2023-01-13 00:00:00,2023-01-17 00:00:00,2023-01-18 00:00:00,2023-01-19 00:00:00,2023-01-20 00:00:00,2023-01-23 00:00:00,2023-01-24 00:00:00,2023-01-25 00:00:00,2023-01-26 00:00:00,2023-01-27 00:00:00,2023-01-30 00:00:00,2023-01-31 00:00:00,2023-02-01 00:00:00,2023-02-02 00:00:00,2023-02-03 00:00:00,2023-02-06 00:00:00,2023-02-07 00:00:00,2023-02-08 00:00:00,2023-02-09 00:00:00,2023-02-10 00:00:00,2023-02-13 00:00:00,2023-02-14 00:00:00,2023-02-15 00:00:00,2023-02-16 00:00:00,2023-02-17 00:00:00,2023-02-21 00:00:00,2023-02-22 00:00:00,2023-02-23 00:00:00,2023-02-24 00:00:00,2023-02-27 00:00:00,2023-02-28 00:00:00,2023-03-01 00:00:00,2023-03-02 00:00:00,2023-03-03 00:00:00,2023-03-06 00:00:00,2023-03-07 00:00:00,2023-03-08 00:00:00,2023-03-09 00:00:00,2023-03-10 00:00:00,2023-03-13 00:00:00,2023-03-14 00:00:00,2023-03-15 00:00:00,2023-03-16 00:00:00,2023-03-17 00:00:00,2023-03-20 00:00:00,2023-03-21 00:00:00,2023-03-22 00:00:00,2023-03-23 00:00:00,2023-03-24 00:00:00,2023-03-27 00:00:00,2023-03-28 00:00:00,2023-03-29 00:00:00,2023-03-30 00:00:00,2023-03-31 00:00:00,2023-04-03 00:00:00,2023-04-04 00:00:00,2023-04-05 00:00:00,2023-04-06 00:00:00,2023-04-10 00:00:00,2023-04-11 00:00:00,2023-04-12 00:00:00,2023-04-13 00:00:00,2023-04-14 00:00:00,2023-04-17 00:00:00,2023-04-18 00:00:00,2023-04-19 00:00:00,2023-04-20 00:00:00,2023-04-21 00:00:00,2023-04-24 00:00:00,2023-04-25 00:00:00,2023-04-26 00:00:00,2023-04-27 00:00:00,2023-04-28 00:00:00,2023-05-01 00:00:00,2023-05-02 00:00:00,2023-05-03 00:00:00,2023-05-04 00:00:00,2023-05-05 00:00:00,2023-05-08 00:00:00,2023-05-09 00:00:00,2023-05-10 00:00:00,2023-05-11 00:00:00,2023-05-12 00:00:00,2023-05-15 00:00:00,2023-05-16 00:00:00,2023-05-17 00:00:00,2023-05-18 00:00:00,2023-05-19 00:00:00,2023-05-22 00:00:00,2023-05-23 00:00:00,2023-05-24 00:00:00,2023-05-25 00:00:00,2023-05-26 00:00:00,2023-05-30 00:00:00,2023-05-31 00:00:00,2023-06-01 00:00:00,2023-06-02 00:00:00,2023-06-05 00:00:00,2023-06-06 00:00:00,2023-06-07 00:00:00,2023-06-08 00:00:00,2023-06-09 00:00:00,2023-06-12 00:00:00,2023-06-13 00:00:00,2023-06-14 00:00:00,2023-06-15 00:00:00,2023-06-16 00:00:00,2023-06-20 00:00:00,2023-06-21 00:00:00,2023-06-22 00:00:00,2023-06-23 00:00:00,2023-06-26 00:00:00,2023-06-27 00:00:00,2023-06-28 00:00:00,2023-06-29 00:00:00,2023-06-30 00:00:00,2023-07-03 00:00:00,2023-07-05 00:00:00,2023-07-06 00:00:00,2023-07-07 00:00:00,2023-07-10 00:00:00,2023-07-11 00:00:00,2023-07-12 00:00:00,2023-07-13 00:00:00,2023-07-14 00:00:00,2023-07-17 00:00:00,2023-07-18 00:00:00,2023-07-19 00:00:00,2023-07-20 00:00:00,2023-07-21 00:00:00,2023-07-24 00:00:00,2023-07-25 00:00:00,2023-07-26 00:00:00,2023-07-27 00:00:00,2023-07-28 00:00:00,2023-07-31 00:00:00,2023-08-01 00:00:00,2023-08-02 00:00:00,2023-08-03 00:00:00,2023-08-04 00:00:00,2023-08-07 00:00:00,2023-08-08 00:00:00,2023-08-09 00:00:00,2023-08-10 00:00:00,2023-08-11 00:00:00,2023-08-14 00:00:00,2023-08-15 00:00:00,2023-08-16 00:00:00,2023-08-17 00:00:00,2023-08-18 00:00:00,2023-08-21 00:00:00,2023-08-22 00:00:00,2023-08-23 00:00:00,2023-08-24 00:00:00,2023-08-25 00:00:00,2023-08-28 00:00:00,2023-08-29 00:00:00,2023-08-30 00:00:00,2023-08-31 00:00:00,2023-09-01 00:00:00,2023-09-05 00:00:00,2023-09-06 00:00:00,2023-09-07 00:00:00,2023-09-08 00:00:00,2023-09-11 00:00:00,2023-09-12 00:00:00,2023-09-13 00:00:00,2023-09-14 00:00:00,2023-09-15 00:00:00,2023-09-18 00:00:00,2023-09-19 00:00:00,2023-09-20 00:00:00,2023-09-21 00:00:00,2023-09-22 00:00:00,2023-09-25 00:00:00,2023-09-26 00:00:00,2023-09-27 00:00:00,2023-09-28 00:00:00,2023-09-29 00:00:00,2023-10-02 00:00:00,2023-10-03 00:00:00,2023-10-04 00:00:00,2023-10-05 00:00:00,2023-10-06 00:00:00,2023-10-09 00:00:00,2023-10-10 00:00:00,2023-10-11 00:00:00,2023-10-12 00:00:00,2023-10-13 00:00:00,2023-10-16 00:00:00,2023-10-17 00:00:00,2023-10-18 00:00:00,2023-10-19 00:00:00,2023-10-20 00:00:00,2023-10-23 00:00:00,2023-10-24 00:00:00,2023-10-25 00:00:00,2023-10-26 00:00:00,2023-10-27 00:00:00,2023-10-30 00:00:00,2023-10-31 00:00:00,2023-11-01 00:00:00,2023-11-02 00:00:00,2023-11-03 00:00:00,2023-11-06 00:00:00,2023-11-07 00:00:00,2023-11-08 00:00:00,2023-11-09 00:00:00,2023-11-10 00:00:00,2023-11-13 00:00:00,2023-11-14 00:00:00,2023-11-15 00:00:00,2023-11-16 00:00:00,2023-11-17 00:00:00,2023-11-20 00:00:00,2023-11-21 00:00:00,2023-11-22 00:00:00,2023-11-24 00:00:00,2023-11-27 00:00:00,2023-11-28 00:00:00,2023-11-29 00:00:00,2023-11-30 00:00:00,2023-12-01 00:00:00,2023-12-04 00:00:00,2023-12-05 00:00:00,2023-12-06 00:00:00,2023-12-07 00:00:00,2023-12-08 00:00:00,2023-12-11 00:00:00,2023-12-12 00:00:00,2023-12-13 00:00:00,2023-12-14 00:00:00,2023-12-15 00:00:00,2023-12-18 00:00:00,2023-12-19 00:00:00,2023-12-20 00:00:00,2023-12-21 00:00:00,2023-12-22 00:00:00,2023-12-26 00:00:00,2023-12-27 00:00:00,2023-12-28 00:00:00,2023-12-29 00:00:00,2024-01-02 00:00:00,2024-01-03 00:00:00,2024-01-04 00:00:00,2024-01-05 00:00:00,2024-01-08 00:00:00,2024-01-09 00:00:00,2024-01-10 00:00:00
AAPL,125.06999969482422,126.36000061035156,125.0199966430664,129.6199951171875,130.14999389648438,130.72999572753906,133.49000549316406,133.41000366210938,134.75999450683594,135.94000244140625,135.2100067138672,135.27000427246094,137.8699951171875,141.11000061035156,142.52999877929688,141.86000061035156,143.9600067138672,145.92999267578125,143.0,144.2899932861328,145.42999267578125,150.82000732421875,154.5,151.72999572753906,154.64999389648438,151.9199981689453,150.8699951171875,151.00999450683594,153.85000610351562,153.1999969482422,155.3300018310547,153.7100067138672,152.5500030517578,148.47999572753906,148.91000366210938,149.39999389648438,146.7100067138672,147.9199981689453,147.41000366210938,145.30999755859375,145.91000366210938,151.02999877929688,153.8300018310547,151.60000610351562,152.8699951171875,150.58999633789062,148.5,150.47000122070312,152.58999633789062,152.99000549316406,155.85000610351562,155.0,157.39999389648438,159.27999877929688,157.8300018310547,158.92999267578125,160.25,158.27999877929688,157.64999389648438,160.77000427246094,162.36000061035156,164.89999389648438,166.1699981689453,165.6300048828125,163.75999450683594,164.66000366210938,162.02999877929688,160.8000030517578,160.10000610351562,165.55999755859375,165.2100067138672,165.22999572753906,166.47000122070312,167.6300048828125,166.64999389648438,165.02000427246094,165.3300018310547,163.77000427246094,163.75999450683594,168.41000366210938,169.67999267578125,169.58999633789062,168.5399932861328,167.4499969482422,165.7899932861328,173.57000732421875,173.5,171.77000427246094,173.55999755859375,173.75,172.57000732421875,172.07000732421875,172.07000732421875,172.69000244140625,175.0500030517578,175.16000366210938,174.1999969482422,171.55999755859375,171.83999633789062,172.99000549316406,175.42999267578125,177.3000030517578,177.25,180.08999633789062,180.9499969482422,179.5800018310547,179.2100067138672,177.82000732421875,180.57000732421875,180.9600067138672,183.7899932861328,183.30999755859375,183.9499969482422,186.00999450683594,184.9199981689453,185.00999450683594,183.9600067138672,187.0,186.67999267578125,185.27000427246094,188.05999755859375,189.25,189.58999633789062,193.97000122070312,192.4600067138672,191.3300018310547,191.80999755859375,190.67999267578125,188.61000061035156,188.0800018310547,189.77000427246094,190.5399932861328,190.69000244140625,193.99000549316406,193.72999572753906,195.10000610351562,193.1300048828125,191.94000244140625,192.75,193.6199951171875,194.5,193.22000122070312,195.8300018310547,196.4499969482422,195.61000061035156,192.5800018310547,191.1699981689453,181.99000549316406,178.85000610351562,179.8000030517578,178.19000244140625,177.97000122070312,177.7899932861328,179.4600067138672,177.4499969482422,176.57000732421875,174.0,174.49000549316406,175.83999633789062,177.22999572753906,181.1199951171875,176.3800048828125,178.61000061035156,180.19000244140625,184.1199951171875,187.64999389648438,187.8699951171875,189.4600067138672,189.6999969482422,182.91000366210938,177.55999755859375,178.17999267578125,179.36000061035156,176.3000030517578,174.2100067138672,175.74000549316406,175.00999450683594,177.97000122070312,179.07000732421875,175.49000549316406,173.92999267578125,174.7899932861328,176.0800018310547,171.9600067138672,170.42999267578125,170.69000244140625,171.2100067138672,173.75,172.39999389648438,173.66000366210938,174.91000366210938,177.49000549316406,178.99000549316406,178.38999938964844,179.8000030517578,180.7100067138672,178.85000610351562,178.72000122070312,177.14999389648438,175.83999633789062,175.4600067138672,172.8800048828125,173.0,173.44000244140625,171.10000610351562,166.88999938964844,168.22000122070312,170.2899932861328,170.77000427246094,173.97000122070312,177.57000732421875,176.64999389648438,179.22999572753906,181.82000732421875,182.88999938964844,182.41000366210938,186.39999389648438,184.8000030517578,187.44000244140625,188.00999450683594,189.7100067138672,189.69000244140625,191.4499969482422,190.63999938964844,191.30999755859375,189.97000122070312,189.7899932861328,190.39999389648438,189.3699951171875,189.9499969482422,191.24000549316406,189.42999267578125,193.4199981689453,192.32000732421875,194.27000427246094,195.7100067138672,193.17999267578125,194.7100067138672,197.9600067138672,198.11000061035156,197.57000732421875,195.88999938964844,196.94000244140625,194.8300018310547,194.67999267578125,193.60000610351562,193.0500030517578,193.14999389648438,193.5800018310547,192.52999877929688,185.63999938964844,184.25,181.91000366210938,181.17999267578125,185.55999755859375,185.13999938964844,186.19000244140625
GOOGL,89.12000274658203,88.08000183105469,86.19999694824219,87.33999633789062,88.0199966430664,88.41999816894531,91.5199966430664,91.12999725341797,92.12000274658203,91.29000091552734,91.12000274658203,93.05000305175781,98.0199966430664,99.79000091552734,97.69999694824219,95.22000122070312,97.5199966430664,99.37000274658203,96.94000244140625,98.83999633789062,100.43000030517578,107.73999786376953,104.77999877929688,102.9000015258789,107.63999938964844,99.37000274658203,95.01000213623047,94.56999969482422,94.61000061035156,94.68000030517578,96.94000244140625,95.51000213623047,94.3499984741211,91.79000091552734,91.6500015258789,90.88999938964844,89.12999725341797,89.87000274658203,90.05999755859375,90.36000061035156,92.0,93.6500015258789,95.12999725341797,93.86000061035156,94.25,92.31999969482422,90.62999725341797,91.11000061035156,93.97000122070312,96.11000061035156,100.31999969482422,101.62000274658203,101.22000122070312,104.91999816894531,103.37000274658203,105.5999984741211,105.44000244140625,102.45999908447266,101.02999877929688,101.38999938964844,100.88999938964844,103.7300033569336,104.36000061035156,104.72000122070312,104.47000122070312,108.41999816894531,106.44000244140625,105.3499984741211,104.63999938964844,107.43000030517578,108.87000274658203,105.97000122070312,104.5,104.18000030517578,105.29000091552734,105.41000366210938,105.97000122070312,103.8499984741211,103.70999908447266,107.58999633789062,107.33999633789062,107.19999694824219,105.31999969482422,105.41000366210938,104.69000244140625,105.56999969482422,107.7699966430664,107.3499984741211,111.75,116.56999969482422,117.51000213623047,116.51000213623047,119.51000213623047,120.83999633789062,122.83000183105469,122.76000213623047,125.05000305175781,122.55999755859375,120.9000015258789,123.4800033569336,124.61000061035156,123.66999816894531,122.87000274658203,123.72000122070312,124.66999816894531,126.01000213623047,127.30999755859375,122.5,122.13999938964844,122.2300033569336,123.63999938964844,123.83000183105469,123.66999816894531,125.08999633789062,123.52999877929688,123.0999984741211,120.55000305175781,123.1500015258789,122.33999633789062,118.33999633789062,118.33000183105469,120.18000030517578,119.0999984741211,119.69999694824219,119.9000015258789,121.75,120.11000061035156,119.4800033569336,116.44999694824219,117.13999938964844,118.93000030517578,124.54000091552734,125.41999816894531,124.6500015258789,123.76000213623047,122.02999877929688,119.19999694824219,120.0199966430664,121.52999877929688,122.20999908447266,129.27000427246094,129.39999389648438,132.5800018310547,132.72000122070312,131.5500030517578,128.3800048828125,128.4499969482422,128.11000061035156,131.52999877929688,131.39999389648438,129.66000366210938,129.69000244140625,129.55999755859375,131.3300018310547,129.77999877929688,128.6999969482422,129.9199981689453,127.45999908447266,128.3699951171875,129.0800018310547,132.3699951171875,129.77999877929688,129.8800048828125,131.00999450683594,134.57000732421875,135.8800048828125,136.1699981689453,135.66000366210938,135.77000427246094,134.4600067138672,135.25999450683594,136.3800048828125,136.9199981689453,135.33999633789062,136.7100067138672,138.10000610351562,137.39999389648438,138.2100067138672,138.0399932861328,133.74000549316406,130.44000244140625,130.25,131.11000061035156,128.57000732421875,130.5399932861328,132.30999755859375,130.86000061035156,134.1699981689453,132.42999267578125,135.24000549316406,135.07000732421875,137.5800018310547,138.4199981689453,138.05999755859375,140.5500030517578,138.97000122070312,137.36000061035156,139.10000610351562,139.72000122070312,137.9600067138672,137.75,135.60000610351562,136.5,138.80999755859375,125.61000061035156,122.27999877929688,122.16999816894531,124.45999908447266,124.08000183105469,126.44999694824219,127.48999786376953,129.10000610351562,130.25,130.97000122070312,131.83999633789062,130.24000549316406,132.58999633789062,132.08999633789062,133.6199951171875,134.6199951171875,136.92999267578125,135.30999755859375,136.25,136.97000122070312,138.49000549316406,136.69000244140625,136.41000366210938,137.1999969482422,134.99000549316406,132.52999877929688,131.86000061035156,129.27000427246094,130.99000549316406,130.02000427246094,136.92999267578125,134.99000549316406,133.2899932861328,132.52000427246094,132.57000732421875,131.94000244140625,132.60000610351562,135.8000030517578,136.64999389648438,138.33999633789062,140.4199981689453,141.49000549316406,141.52000427246094,140.3699951171875,140.22999572753906,139.69000244140625,138.1699981689453,138.9199981689453,136.38999938964844,135.72999572753906,138.83999633789062,140.9499969482422,142.27999877929688
MSFT,239.5800018310547,229.10000610351562,222.30999755859375,224.92999267578125,227.1199951171875,228.85000610351562,235.77000427246094,238.50999450683594,239.22999572753906,240.35000610351562,235.80999755859375,231.92999267578125,240.22000122070312,242.5800018310547,242.0399932861328,240.61000061035156,248.0,248.16000366210938,242.7100067138672,247.80999755859375,252.75,264.6000061035156,258.3500061035156,256.7699890136719,267.55999755859375,266.7300109863281,263.6199951171875,263.1000061035156,271.32000732421875,272.1700134277344,269.32000732421875,262.1499938964844,258.05999755859375,252.6699981689453,251.50999450683594,254.77000427246094,249.22000122070312,250.16000366210938,249.4199981689453,246.27000427246094,251.11000061035156,255.2899932861328,256.8699951171875,254.14999389648438,253.6999969482422,252.32000732421875,248.58999633789062,253.9199981689453,260.7900085449219,265.44000244140625,276.20001220703125,279.42999267578125,272.2300109863281,273.7799987792969,272.2900085449219,277.6600036621094,280.57000732421875,276.3800048828125,275.2300109863281,280.510009765625,284.04998779296875,288.29998779296875,287.2300109863281,287.17999267578125,284.3399963378906,291.6000061035156,289.3900146484375,282.8299865722656,283.489990234375,289.8399963378906,286.1400146484375,288.79998779296875,288.3699951171875,288.45001220703125,286.1099853515625,285.760009765625,281.7699890136719,275.4200134277344,295.3699951171875,304.8299865722656,307.260009765625,305.55999755859375,305.4100036621094,304.3999938964844,305.4100036621094,310.6499938964844,308.6499938964844,307.0,312.30999755859375,310.1099853515625,308.9700012207031,309.4599914550781,311.739990234375,314.0,318.5199890136719,318.3399963378906,321.17999267578125,315.260009765625,313.8500061035156,325.9200134277344,332.8900146484375,331.2099914550781,328.3900146484375,332.5799865722656,335.3999938964844,335.94000244140625,333.67999267578125,323.3800048828125,325.260009765625,326.7900085449219,331.8500061035156,334.2900085449219,337.3399963378906,348.1000061035156,342.3299865722656,338.04998779296875,333.55999755859375,339.7099914550781,335.0199890136719,328.6000061035156,334.57000732421875,335.8500061035156,335.04998779296875,340.5400085449219,337.989990234375,338.1499938964844,341.2699890136719,337.2200012207031,331.8299865722656,332.4700012207031,337.20001220703125,342.6600036621094,345.239990234375,345.7300109863281,359.489990234375,355.0799865722656,346.8699951171875,343.7699890136719,345.1099853515625,350.9800109863281,337.7699890136719,330.7200012207031,338.3699951171875,335.9200134277344,336.3399963378906,327.5,326.6600036621094,327.7799987792969,330.1099853515625,326.04998779296875,322.2300109863281,322.92999267578125,321.010009765625,324.0400085449219,321.8599853515625,320.3999938964844,316.8800048828125,316.4800109863281,321.8800048828125,322.4599914550781,327.0,319.9700012207031,322.9800109863281,323.70001220703125,328.4100036621094,328.7900085449219,327.760009765625,328.6600036621094,333.54998779296875,332.8800048828125,329.9100036621094,334.2699890136719,337.94000244140625,331.7699890136719,336.05999755859375,338.70001220703125,330.2200012207031,329.05999755859375,328.6499938964844,320.7699890136719,319.5299987792969,317.010009765625,317.5400085449219,312.1400146484375,312.7900085449219,313.6400146484375,315.75,321.79998779296875,313.3900146484375,318.9599914550781,319.3599853515625,327.260009765625,329.82000732421875,328.3900146484375,332.4200134277344,331.1600036621094,327.7300109863281,332.6400146484375,332.05999755859375,330.1099853515625,331.32000732421875,326.6700134277344,329.32000732421875,330.5299987792969,340.6700134277344,327.8900146484375,329.80999755859375,337.30999755859375,338.1099853515625,346.07000732421875,348.32000732421875,352.79998779296875,356.5299987792969,360.5299987792969,363.20001220703125,360.69000244140625,369.6700134277344,366.67999267578125,370.2699890136719,369.6700134277344,376.1700134277344,369.8500061035156,377.44000244140625,373.07000732421875,377.8500061035156,377.42999267578125,378.6099853515625,382.70001220703125,378.8500061035156,378.9100036621094,374.510009765625,369.1400146484375,372.5199890136719,368.79998779296875,370.95001220703125,374.2300109863281,371.29998779296875,374.3800048828125,374.3699951171875,365.92999267578125,370.7300109863281,372.6499938964844,373.260009765625,370.6199951171875,373.5400085449219,374.5799865722656,374.6600036621094,374.07000732421875,375.2799987792969,376.0400085449219,370.8699951171875,370.6000061035156,367.94000244140625,367.75,374.69000244140625,375.7900085449219,382.7699890136719
AMZN,85.81999969482422,85.13999938964844,83.12000274658203,86.08000183105469,87.36000061035156,89.87000274658203,95.08999633789062,95.2699966430664,98.12000274658203,96.05000305175781,95.45999908447266,93.68000030517578,97.25,97.5199966430664,96.31999969482422,97.18000030517578,99.22000122070312,102.23999786376953,100.55000305175781,103.12999725341797,105.1500015258789,112.91000366210938,103.38999938964844,102.18000030517578,102.11000061035156,100.05000305175781,98.23999786376953,97.61000061035156,99.54000091552734,99.69999694824219,101.16000366210938,98.1500015258789,97.19999694824219,94.58000183105469,95.79000091552734,95.81999969482422,93.5,93.76000213623047,94.2300033569336,92.16999816894531,92.12999725341797,94.9000015258789,93.75,93.55000305175781,93.91999816894531,92.25,90.7300033569336,92.43000030517578,94.87999725341797,96.19999694824219,100.04000091552734,98.94999694824219,97.70999908447266,100.61000061035156,98.69999694824219,98.70999908447266,98.12999725341797,98.04000091552734,97.23999786376953,100.25,102.0,103.29000091552734,102.41000366210938,103.94999694824219,101.0999984741211,102.05999755859375,102.16999816894531,99.91999816894531,97.83000183105469,102.4000015258789,102.51000213623047,102.73999786376953,102.30000305175781,104.30000305175781,103.80999755859375,106.95999908447266,106.20999908447266,102.56999969482422,104.9800033569336,109.81999969482422,105.44999694824219,102.05000305175781,103.62999725341797,103.6500015258789,104.0,105.66000366210938,105.83000183105469,106.62000274658203,110.19000244140625,112.18000030517578,110.26000213623047,111.19999694824219,113.4000015258789,115.5,118.1500015258789,116.25,115.01000213623047,114.98999786376953,116.75,115.0,120.11000061035156,121.66000366210938,120.58000183105469,122.7699966430664,124.25,125.30000305175781,126.61000061035156,121.2300033569336,124.25,123.43000030517578,126.56999969482422,126.66000366210938,126.41999816894531,127.11000061035156,125.48999786376953,125.77999877929688,124.83000183105469,130.14999389648438,129.3300018310547,127.33000183105469,129.17999267578125,129.0399932861328,127.9000015258789,130.36000061035156,130.22000122070312,130.3800048828125,128.36000061035156,129.77999877929688,127.12999725341797,128.77999877929688,130.8000030517578,134.3000030517578,134.67999267578125,133.55999755859375,132.8300018310547,135.36000061035156,129.9600067138672,130.0,128.8000030517578,129.1300048828125,128.14999389648438,128.25,132.2100067138672,133.67999267578125,131.69000244140625,128.2100067138672,128.91000366210938,139.57000732421875,142.22000122070312,139.94000244140625,137.85000610351562,138.55999755859375,138.41000366210938,140.57000732421875,137.6699981689453,135.07000732421875,133.97999572753906,133.22000122070312,134.67999267578125,134.25,135.52000427246094,131.83999633789062,133.25999450683594,133.13999938964844,134.91000366210938,135.07000732421875,138.00999450683594,138.1199951171875,137.27000427246094,135.36000061035156,137.85000610351562,138.22999572753906,143.10000610351562,141.22999572753906,144.85000610351562,144.72000122070312,140.38999938964844,139.97999572753906,137.6300048828125,135.2899932861328,129.3300018310547,129.1199951171875,131.27000427246094,125.9800033569336,125.9800033569336,125.9800033569336,127.12000274658203,129.4600067138672,124.72000122070312,127.0,125.95999908447266,127.95999908447266,128.25999450683594,129.47999572753906,131.8300018310547,132.3300018310547,129.7899932861328,132.5500030517578,131.47000122070312,128.1300048828125,128.39999389648438,125.16999816894531,126.55999755859375,128.55999755859375,121.38999938964844,119.56999969482422,127.73999786376953,132.7100067138672,133.08999633789062,137.0,138.07000732421875,138.60000610351562,139.74000549316406,142.7100067138672,142.0800018310547,140.60000610351562,143.55999755859375,142.58999633789062,145.8000030517578,143.1999969482422,142.8300018310547,145.17999267578125,146.1300048828125,143.89999389648438,146.7100067138672,146.74000549316406,147.72999572753906,147.02999877929688,146.32000732421875,146.08999633789062,147.02999877929688,144.83999633789062,146.8800048828125,144.52000427246094,146.8800048828125,147.4199981689453,145.88999938964844,147.47999572753906,148.83999633789062,147.4199981689453,149.97000122070312,154.07000732421875,153.7899932861328,152.1199951171875,153.83999633789062,153.4199981689453,153.41000366210938,153.33999633789062,153.3800048828125,151.94000244140625,149.92999267578125,148.47000122070312,144.57000732421875,145.24000549316406,149.10000610351562,151.3699951171875,153.72999572753906
CMBS,45.91999816894531,46.349998474121094,46.29999923706055,46.380001068115234,46.72999954223633,46.59000015258789,46.7400016784668,47.02000045776367,46.93000030517578,47.0,47.150001525878906,47.36000061035156,47.220001220703125,46.959999084472656,47.099998474121094,47.209999084472656,47.150001525878906,47.11000061035156,47.040000915527344,47.25,47.290000915527344,47.25,47.099998474121094,46.79999923706055,46.7400016784668,46.869998931884766,46.68000030517578,46.66999816894531,46.68000030517578,46.560001373291016,46.470001220703125,46.459999084472656,46.47999954223633,46.13999938964844,46.150001525878906,46.220001220703125,46.22999954223633,46.09000015258789,46.13999938964844,45.93000030517578,45.63999938964844,45.88999938964844,45.95000076293945,45.790000915527344,45.66999816894531,45.97999954223633,46.38999938964844,46.970001220703125,46.470001220703125,47.0,46.560001373291016,47.02000045776367,46.68000030517578,46.29999923706055,46.630001068115234,46.650001525878906,46.61000061035156,46.29999923706055,46.119998931884766,46.16999816894531,46.040000915527344,46.189998626708984,46.29999923706055,46.470001220703125,46.7400016784668,46.709999084472656,46.31999969482422,46.470001220703125,46.45000076293945,46.38999938964844,46.380001068115234,46.22999954223633,46.29999923706055,46.16999816894531,46.459999084472656,46.400001525878906,46.560001373291016,46.849998474121094,46.77000045776367,46.720001220703125,46.91999816894531,46.45000076293945,46.709999084472656,46.90999984741211,47.060001373291016,46.790000915527344,46.59000015258789,46.540000915527344,46.7599983215332,47.06999969482422,46.88999938964844,46.72999954223633,46.540000915527344,46.470001220703125,46.290000915527344,46.279998779296875,46.150001525878906,46.27000045776367,46.13999938964844,45.95000076293945,46.0,46.119998931884766,46.27000045776367,46.36000061035156,46.09000015258789,46.029998779296875,46.09000015258789,45.959999084472656,46.099998474121094,45.93000030517578,46.029998779296875,45.880001068115234,45.90999984741211,46.060001373291016,45.869998931884766,46.130001068115234,46.13999938964844,45.95000076293945,45.97999954223633,46.16999816894531,45.9900016784668,46.040000915527344,45.93000030517578,45.86000061035156,45.66999816894531,45.5,45.25,45.25,45.290000915527344,45.63999938964844,45.7400016784668,46.0,46.029998779296875,45.91999816894531,45.97999954223633,46.0,45.93000030517578,45.810001373291016,45.83000183105469,45.779998779296875,45.91999816894531,45.70000076293945,45.77000045776367,45.790000915527344,45.4900016784668,45.59000015258789,45.63999938964844,45.68000030517578,45.70000076293945,45.779998779296875,45.88999938964844,45.650001525878906,45.599998474121094,45.47999954223633,45.43000030517578,45.31999969482422,45.290000915527344,45.31999969482422,45.13999938964844,45.0,45.33000183105469,45.33000183105469,45.22999954223633,45.290000915527344,45.58000183105469,45.619998931884766,45.65999984741211,45.459999084472656,45.369998931884766,45.27000045776367,45.38999938964844,45.41999816894531,45.310001373291016,45.2599983215332,45.369998931884766,45.380001068115234,45.279998779296875,45.220001220703125,45.09000015258789,44.959999084472656,45.060001373291016,45.11000061035156,45.0,44.91999816894531,44.880001068115234,45.040000915527344,45.040000915527344,44.689998626708984,44.52000045776367,44.61000061035156,44.779998779296875,44.599998474121094,44.91999816894531,44.91999816894531,44.79999923706055,44.68000030517578,44.77000045776367,44.7400016784668,44.31999969482422,44.20000076293945,44.31999969482422,44.34000015258789,44.459999084472656,44.459999084472656,44.349998474121094,44.470001220703125,44.58000183105469,44.459999084472656,44.43000030517578,44.529998779296875,44.61000061035156,44.93000030517578,44.79999923706055,44.900001525878906,44.95000076293945,44.779998779296875,44.70000076293945,44.83000183105469,45.099998474121094,45.060001373291016,45.220001220703125,45.13999938964844,45.22999954223633,45.279998779296875,45.349998474121094,45.189998626708984,45.400001525878906,45.5099983215332,45.650001525878906,45.619998931884766,45.720001220703125,45.65999984741211,45.77000045776367,45.88999938964844,45.93000030517578,45.779998779296875,45.81999969482422,45.7599983215332,46.20000076293945,46.27000045776367,46.29999923706055,46.38999938964844,46.5099983215332,46.599998474121094,46.689998626708984,46.630001068115234,46.59000015258789,46.90999984741211,46.849998474121094,46.790000915527344,46.709999084472656,46.650001525878906,46.630001068115234,46.58000183105469,46.599998474121094,46.65999984741211,46.4900016784668
TSLA,108.0999984741211,113.63999938964844,110.33999633789062,113.05999755859375,119.7699966430664,118.8499984741211,123.22000122070312,123.55999755859375,122.4000015258789,131.49000549316406,128.77999877929688,127.16999816894531,133.4199981689453,143.75,143.88999938964844,144.42999267578125,160.27000427246094,177.89999389648438,166.66000366210938,173.22000122070312,181.41000366210938,188.27000427246094,189.97999572753906,194.75999450683594,196.80999755859375,201.2899932861328,207.32000732421875,196.88999938964844,194.63999938964844,209.25,214.24000549316406,202.0399932861328,208.30999755859375,197.3699951171875,200.86000061035156,202.07000732421875,196.8800048828125,207.6300048828125,205.7100067138672,202.77000427246094,190.89999389648438,197.7899932861328,193.80999755859375,187.7100067138672,182.0,172.9199981689453,173.44000244140625,174.47999572753906,183.25999450683594,180.4499969482422,184.1300048828125,180.1300048828125,183.25,197.5800018310547,191.14999389648438,192.22000122070312,190.41000366210938,191.80999755859375,189.19000244140625,193.8800048828125,195.27999877929688,207.4600067138672,194.77000427246094,192.5800018310547,185.52000427246094,185.05999755859375,184.50999450683594,186.7899932861328,180.5399932861328,185.89999389648438,185.0,187.0399932861328,184.30999755859375,180.58999633789062,162.99000549316406,165.0800018310547,162.5500030517578,160.6699981689453,153.75,160.19000244140625,164.30999755859375,161.8300018310547,160.30999755859375,160.61000061035156,161.1999969482422,170.05999755859375,171.7899932861328,169.14999389648438,168.5399932861328,172.0800018310547,167.97999572753906,166.35000610351562,166.52000427246094,173.86000061035156,176.88999938964844,180.13999938964844,188.8699951171875,185.77000427246094,182.89999389648438,184.47000122070312,193.1699981689453,201.16000366210938,203.92999267578125,207.52000427246094,213.97000122070312,217.61000061035156,221.30999755859375,224.57000732421875,234.86000061035156,244.39999389648438,249.8300018310547,258.7099914550781,256.7900085449219,255.89999389648438,260.5400085449219,274.45001220703125,259.4599914550781,264.6099853515625,256.6000061035156,241.0500030517578,250.2100067138672,256.239990234375,257.5,261.7699890136719,279.82000732421875,282.4800109863281,276.5400085449219,274.42999267578125,269.6099853515625,269.7900085449219,271.989990234375,277.8999938964844,281.3800048828125,290.3800048828125,293.3399963378906,291.260009765625,262.8999938964844,260.0199890136719,269.05999755859375,265.2799987792969,264.3500061035156,255.7100067138672,266.44000244140625,267.42999267578125,261.07000732421875,254.11000061035156,259.32000732421875,253.86000061035156,251.4499969482422,249.6999969482422,242.19000244140625,245.33999633789062,242.64999389648438,239.75999450683594,232.9600067138672,225.60000610351562,219.22000122070312,215.49000549316406,231.27999877929688,233.19000244140625,236.86000061035156,230.0399932861328,238.58999633789062,238.82000732421875,257.17999267578125,256.8999938964844,258.0799865722656,245.00999450683594,256.489990234375,251.9199981689453,251.49000549316406,248.5,273.5799865722656,267.4800109863281,271.29998779296875,276.0400085449219,274.3900146484375,265.2799987792969,266.5,262.5899963378906,255.6999969482422,244.8800048828125,246.99000549316406,244.1199951171875,240.5,246.3800048828125,250.22000122070312,251.60000610351562,246.52999877929688,261.1600036621094,260.04998779296875,260.5299987792969,259.6700134277344,263.6199951171875,262.989990234375,258.8699951171875,251.1199951171875,253.9199981689453,254.85000610351562,242.67999267578125,220.11000061035156,211.99000549316406,212.0800018310547,216.52000427246094,212.4199981689453,205.75999450683594,207.3000030517578,197.36000061035156,200.83999633789062,205.66000366210938,218.50999450683594,219.9600067138672,219.27000427246094,222.17999267578125,222.11000061035156,209.97999572753906,214.64999389648438,223.7100067138672,237.41000366210938,242.83999633789062,233.58999633789062,234.3000030517578,235.60000610351562,241.1999969482422,234.2100067138672,235.4499969482422,236.0800018310547,246.72000122070312,244.13999938964844,240.0800018310547,238.8300018310547,235.5800018310547,238.72000122070312,239.3699951171875,242.63999938964844,243.83999633789062,239.74000549316406,237.00999450683594,239.2899932861328,251.0500030517578,253.5,252.0800018310547,257.2200012207031,247.13999938964844,254.5,252.5399932861328,256.6099853515625,261.44000244140625,253.17999267578125,248.47999572753906,248.4199981689453,238.4499969482422,237.92999267578125,237.49000549316406,240.4499969482422,234.9600067138672,233.94000244140625
JPM,135.1199951171875,136.3800048828125,135.35000610351562,137.94000244140625,137.3699951171875,138.60000610351562,139.6300048828125,139.49000549316406,143.00999450683594,140.8000030517578,136.57000732421875,134.75,135.0800018310547,137.27000427246094,138.4499969482422,139.1199951171875,139.97999572753906,140.32000732421875,139.1300048828125,139.9600067138672,139.58999633789062,138.94000244140625,141.08999633789062,141.9199981689453,143.64999389648438,142.63999938964844,140.4199981689453,141.0399932861328,142.57000732421875,143.1999969482422,143.8000030517578,141.82000732421875,142.24000549316406,139.6300048828125,138.55999755859375,139.6699981689453,140.92999267578125,142.16000366210938,143.35000610351562,142.5500030517578,141.07000732421875,143.66000366210938,142.82000732421875,138.6199951171875,137.8000030517578,130.33999633789062,133.64999389648438,131.25,134.6199951171875,128.25999450683594,130.75,125.80999755859375,127.13999938964844,130.5500030517578,127.18000030517578,126.83999633789062,124.91000366210938,128.49000549316406,128.8800048828125,129.13999938964844,128.75,130.30999755859375,130.16000366210938,128.4199981689453,127.61000061035156,127.47000122070312,127.88999938964844,128.52000427246094,128.5,128.99000549316406,138.72999572753906,139.8300018310547,141.39999389648438,141.22000122070312,140.80999755859375,140.5399932861328,140.72999572753906,137.6699981689453,135.22999572753906,137.0500030517578,138.24000549316406,141.1999969482422,138.9199981689453,135.97999572753906,134.1199951171875,136.74000549316406,137.07000732421875,136.41000366210938,136.47999572753906,136.0500030517578,134.10000610351562,135.22999572753906,134.32000732421875,138.4499969482422,139.5,139.17999267578125,138.02999877929688,136.58999633789062,135.33999633789062,135.6699981689453,136.94000244140625,137.4600067138672,135.7100067138672,137.5800018310547,140.47000122070312,139.08999633789062,139.33999633789062,140.69000244140625,140.72999572753906,141.00999450683594,141.0,142.02000427246094,141.49000549316406,143.08999633789062,143.25999450683594,142.52999877929688,142.32000732421875,139.5800018310547,138.85000610351562,139.19000244140625,139.1999969482422,138.58999633789062,143.42999267578125,145.44000244140625,146.61000061035156,144.63999938964844,143.2100067138672,144.33999633789062,145.14999389648438,147.4199981689453,148.14999389648438,148.8699951171875,149.77000427246094,153.3800048828125,153.66000366210938,154.25,156.14999389648438,154.9499969482422,158.0,156.82000732421875,157.75999450683594,156.02000427246094,156.91000366210938,157.9600067138672,157.17999267578125,155.39999389648438,156.35000610351562,156.02000427246094,156.75999450683594,155.8800048828125,153.7899932861328,153.55999755859375,154.4499969482422,154.77000427246094,150.8300018310547,150.19000244140625,148.6300048828125,148.97000122070312,149.47999572753906,146.3800048828125,147.3699951171875,147.22999572753906,147.0500030517578,147.55999755859375,148.75999450683594,148.16000366210938,146.3300018310547,146.82000732421875,145.1999969482422,144.9600067138672,143.72000122070312,143.8300018310547,144.4600067138672,146.33999633789062,146.41000366210938,149.25,148.80999755859375,149.1199951171875,148.92999267578125,148.3000030517578,147.13999938964844,145.72999572753906,146.4499969482422,144.92999267578125,145.77999877929688,147.58999633789062,145.02000427246094,143.77000427246094,142.7100067138672,143.35000610351562,142.89999389648438,145.10000610351562,144.77000427246094,145.64999389648438,146.14999389648438,145.80999755859375,148.0,147.85000610351562,147.52999877929688,145.91000366210938,145.2899932861328,142.9499969482422,141.0,141.1699981689453,140.39999389648438,140.75999450683594,135.69000244140625,137.4199981689453,139.05999755859375,138.94000244140625,141.4199981689453,143.0,144.0800018310547,144.00999450683594,144.72000122070312,144.2899932861328,146.42999267578125,145.77999877929688,148.44000244140625,149.74000549316406,151.4499969482422,152.82000732421875,153.2899932861328,152.97000122070312,153.3300018310547,153.5399932861328,153.19000244140625,153.5399932861328,154.32000732421875,156.0800018310547,156.83999633789062,157.99000549316406,157.97000122070312,156.30999755859375,156.7899932861328,158.52000427246094,159.10000610351562,160.52000427246094,161.05999755859375,163.99000549316406,165.22999572753906,166.22999572753906,168.4499969482422,166.5500030517578,167.5,167.39999389648438,168.38999938964844,169.39999389648438,170.3000030517578,170.10000610351562,172.0800018310547,171.3300018310547,171.41000366210938,172.27000427246094,172.02000427246094,170.66000366210938,171.02000427246094
WMT,143.60000610351562,143.75999450683594,143.27000427246094,146.77999877929688,144.9499969482422,144.86000061035156,146.1300048828125,144.80999755859375,145.2899932861328,144.41000366210938,140.83999633789062,138.8300018310547,140.5399932861328,142.63999938964844,143.02000427246094,142.33999633789062,142.2100067138672,143.3000030517578,142.14999389648438,143.8699951171875,144.6699981689453,143.6199951171875,141.7100067138672,140.67999267578125,140.97999572753906,140.22000122070312,141.52000427246094,143.72000122070312,145.91000366210938,145.49000549316406,146.57000732421875,144.27000427246094,146.44000244140625,147.3300018310547,144.24000549316406,142.08999633789062,142.47000122070312,141.44000244140625,142.1300048828125,140.14999389648438,140.5,140.6699981689453,140.64999389648438,139.25,138.10000610351562,137.1699981689453,136.97000122070312,137.3699951171875,138.10000610351562,139.63999938964844,138.27999877929688,139.39999389648438,140.89999389648438,140.4199981689453,139.52000427246094,140.64999389648438,141.8000030517578,144.1699981689453,143.61000061035156,144.22999572753906,145.6699981689453,147.4499969482422,148.69000244140625,147.22999572753906,149.6699981689453,150.8000030517578,150.50999450683594,150.07000732421875,149.33999633789062,149.49000549316406,148.47999572753906,149.52000427246094,149.85000610351562,150.00999450683594,150.97000122070312,151.72999572753906,152.75999450683594,151.57000732421875,150.91000366210938,151.3800048828125,150.97000122070312,151.58999633789062,151.17999267578125,150.6199951171875,150.47000122070312,151.77000427246094,152.72000122070312,152.97999572753906,152.5500030517578,153.1199951171875,153.07000732421875,151.8800048828125,149.77999877929688,149.52999877929688,151.47000122070312,149.91000366210938,148.58999633789062,148.30999755859375,147.6300048828125,146.16000366210938,146.4199981689453,146.05999755859375,146.8699951171875,147.41000366210938,148.82000732421875,149.8000030517578,149.77999877929688,150.0,152.1699981689453,153.08999633789062,154.10000610351562,155.3000030517578,156.8699951171875,157.72999572753906,155.52999877929688,154.16000366210938,154.4600067138672,155.75,155.4600067138672,155.0500030517578,154.49000549316406,155.3300018310547,154.27999877929688,157.17999267578125,158.1999969482422,158.11000061035156,157.11000061035156,153.49000549316406,154.8800048828125,154.64999389648438,155.0399932861328,154.1300048828125,154.66000366210938,154.85000610351562,154.57000732421875,154.6199951171875,157.47999572753906,158.3699951171875,159.3000030517578,159.1699981689453,159.74000549316406,159.16000366210938,159.91000366210938,159.86000061035156,159.11000061035156,159.22000122070312,159.25999450683594,158.33999633789062,160.49000549316406,160.64999389648438,160.91000366210938,160.25999450683594,161.1999969482422,160.0,159.17999267578125,159.25999450683594,155.69000244140625,157.92999267578125,157.50999450683594,157.00999450683594,158.10000610351562,156.88999938964844,157.82000732421875,158.72000122070312,160.0500030517578,161.1999969482422,162.61000061035156,161.57000732421875,160.27000427246094,161.47000122070312,163.47000122070312,163.77000427246094,164.33999633789062,164.52000427246094,164.55999755859375,165.25,164.63999938964844,163.4199981689453,163.3800048828125,163.91000366210938,161.9199981689453,162.35000610351562,163.07000732421875,162.5,161.72000122070312,162.5399932861328,159.92999267578125,160.10000610351562,159.08999633789062,161.0,159.0800018310547,156.41000366210938,155.83999633789062,157.60000610351562,158.22999572753906,158.9499969482422,159.8300018310547,161.2100067138672,161.4199981689453,161.5399932861328,160.77000427246094,158.75999450683594,161.00999450683594,163.25,162.75999450683594,161.77000427246094,161.1699981689453,163.02000427246094,163.41000366210938,164.8699951171875,165.52000427246094,164.66000366210938,164.8800048828125,165.64999389648438,164.3000030517578,163.9199981689453,166.19000244140625,167.67999267578125,167.64999389648438,169.77999877929688,156.0399932861328,155.35000610351562,155.3000030517578,155.86000061035156,154.6699981689453,156.05999755859375,156.77000427246094,158.63999938964844,156.0800018310547,155.69000244140625,154.33999633789062,154.3000030517578,155.72999572753906,154.0399932861328,152.4600067138672,150.86000061035156,151.24000549316406,151.36000061035156,154.0500030517578,152.1699981689453,152.74000549316406,154.97000122070312,155.52999877929688,153.7100067138672,154.8000030517578,156.64999389648438,156.41000366210938,157.8800048828125,157.57000732421875,157.64999389648438,159.2899932861328,159.3000030517578,157.75999450683594,156.7100067138672,158.25,159.30999755859375,161.2899932861328
V,207.38999938964844,212.61000061035156,211.11000061035156,217.75,218.60000610351562,221.08999633789062,222.10000610351562,223.6199951171875,223.05999755859375,223.0,219.4600067138672,220.41000366210938,224.30999755859375,224.17999267578125,223.88999938964844,224.89999389648438,224.7100067138672,231.44000244140625,229.10000610351562,230.2100067138672,230.89999389648438,229.55999755859375,230.1300048828125,229.44000244140625,231.32000732421875,230.1999969482422,229.35000610351562,227.1999969482422,228.8800048828125,229.38999938964844,228.9199981689453,225.8300018310547,223.55999755859375,220.6199951171875,220.02000427246094,221.1300048828125,219.5500030517578,220.35000610351562,219.94000244140625,218.36000061035156,219.05999755859375,223.77000427246094,226.75,223.1699981689453,222.19000244140625,220.00999450683594,216.13999938964844,214.47000122070312,218.66000366210938,216.3699951171875,217.4499969482422,217.38999938964844,218.14999389648438,221.9499969482422,220.0399932861328,222.58999633789062,221.0399932861328,221.80999755859375,220.3300018310547,223.3000030517578,222.36000061035156,225.4600067138672,229.0,227.66000366210938,228.1699981689453,225.99000549316406,226.42999267578125,228.4499969482422,227.80999755859375,232.69000244140625,234.02000427246094,233.47999572753906,233.60000610351562,232.57000732421875,234.60000610351562,234.0500030517578,232.75999450683594,229.58999633789062,228.14999389648438,229.00999450683594,232.72999572753906,232.50999450683594,226.97999572753906,225.97999572753906,225.60000610351562,231.77999877929688,232.22999572753906,233.25999450683594,231.27000427246094,231.00999450683594,231.3800048828125,232.80999755859375,230.47000122070312,232.64999389648438,233.60000610351562,233.30999755859375,231.27999877929688,224.5800018310547,222.25,223.3800048828125,225.00999450683594,221.63999938964844,221.02999877929688,226.5,228.7899932861328,226.77000427246094,228.22000122070312,225.27000427246094,223.0500030517578,223.55999755859375,226.1699981689453,223.39999389648438,223.44000244140625,226.1699981689453,228.91000366210938,226.47000122070312,227.25,228.38999938964844,229.5500030517578,226.3000030517578,227.33999633789062,227.9600067138672,234.32000732421875,237.47999572753906,237.97000122070312,239.4499969482422,238.8800048828125,236.4499969482422,238.16000366210938,240.5500030517578,242.2100067138672,243.30999755859375,243.16000366210938,243.99000549316406,240.77000427246094,241.4199981689453,239.6199951171875,239.25,240.74000549316406,238.69000244140625,237.10000610351562,234.44000244140625,235.75,237.72999572753906,239.77999877929688,237.55999755859375,238.75999450683594,238.99000549316406,241.50999450683594,239.2899932861328,239.75999450683594,240.16000366210938,240.0399932861328,242.89999389648438,239.8300018310547,239.2899932861328,237.3699951171875,238.1699981689453,239.4600067138672,240.57000732421875,242.3000030517578,239.47000122070312,242.57000732421875,243.8300018310547,245.33999633789062,246.22999572753906,245.67999267578125,248.11000061035156,245.33999633789062,246.16000366210938,247.13999938964844,247.2899932861328,247.22000122070312,247.3000030517578,247.8300018310547,241.5,241.07000732421875,244.66000366210938,243.55999755859375,241.86000061035156,236.61000061035156,235.0800018310547,233.36000061035156,229.64999389648438,229.5,231.66000366210938,230.00999450683594,231.27000427246094,228.80999755859375,231.22000122070312,233.47999572753906,235.0399932861328,234.44000244140625,236.60000610351562,235.67999267578125,236.77999877929688,237.6699981689453,240.07000732421875,241.1999969482422,237.47000122070312,233.80999755859375,233.3800048828125,231.52999877929688,234.64999389648438,236.85000610351562,231.27999877929688,229.27000427246094,233.0800018310547,235.10000610351562,238.5800018310547,243.25,243.60000610351562,243.49000549316406,244.77000427246094,243.91000366210938,241.63999938964844,245.25,244.6699981689453,246.94000244140625,248.11000061035156,248.57000732421875,249.55999755859375,249.97000122070312,252.22999572753906,253.72000122070312,254.3000030517578,254.13999938964844,252.94000244140625,254.22999572753906,256.67999267578125,256.45001220703125,254.44000244140625,254.61000061035156,254.2899932861328,255.82000732421875,255.74000549316406,256.5199890136719,259.55999755859375,262.3800048828125,258.7300109863281,258.0299987792969,258.3699951171875,259.989990234375,257.1099853515625,259.5400085449219,258.42999267578125,259.1600036621094,258.92999267578125,260.3999938964844,260.3500061035156,258.8699951171875,257.9800109863281,259.6099853515625,259.69000244140625,262.5400085449219,263.3299865722656,264.55999755859375
PG,151.57000732421875,152.22999572753906,150.33999633789062,153.9199981689453,152.0399932861328,151.88999938964844,150.66000366210938,149.80999755859375,150.8800048828125,150.44000244140625,146.41000366210938,142.4199981689453,142.97000122070312,141.0500030517578,141.82000732421875,141.72000122070312,141.14999389648438,140.57000732421875,141.00999450683594,142.3800048828125,143.19000244140625,142.1699981689453,142.61000061035156,141.39999389648438,140.02000427246094,138.57000732421875,137.0500030517578,138.25999450683594,140.07000732421875,139.27999877929688,138.9600067138672,137.13999938964844,140.00999450683594,139.91000366210938,140.5,140.0500030517578,139.25999450683594,139.13999938964844,137.55999755859375,137.66000366210938,139.92999267578125,140.9499969482422,140.35000610351562,137.55999755859375,137.5800018310547,136.57000732421875,137.19000244140625,138.13999938964844,139.85000610351562,141.8300018310547,142.88999938964844,142.92999267578125,145.1300048828125,144.0800018310547,143.99000549316406,143.7899932861328,146.72000122070312,145.9499969482422,146.36000061035156,146.80999755859375,147.4499969482422,148.69000244140625,149.50999450683594,150.22999572753906,151.25999450683594,152.22000122070312,150.9600067138672,150.66000366210938,151.07000732421875,151.77000427246094,151.0,151.0500030517578,151.2100067138672,151.24000549316406,150.85000610351562,156.07000732421875,156.35000610351562,156.38999938964844,154.5800018310547,156.47000122070312,156.3800048828125,156.57000732421875,156.42999267578125,156.22999572753906,155.50999450683594,156.02999877929688,155.3000030517578,153.7100067138672,154.02999877929688,154.38999938964844,155.9600067138672,156.00999450683594,155.74000549316406,155.0800018310547,152.52999877929688,153.1699981689453,149.16000366210938,147.5500030517578,146.3300018310547,145.38999938964844,145.39999389648438,143.17999267578125,142.5,143.9600067138672,146.52000427246094,145.94000244140625,144.49000549316406,144.8000030517578,146.44000244140625,146.55999755859375,145.41000366210938,145.05999755859375,146.4199981689453,148.4499969482422,149.5399932861328,148.16000366210938,149.44000244140625,149.9499969482422,148.4600067138672,148.61000061035156,150.02000427246094,149.99000549316406,149.3800048828125,151.74000549316406,152.5,152.24000549316406,151.99000549316406,148.8000030517578,148.86000061035156,148.0800018310547,148.85000610351562,148.9499969482422,150.0500030517578,148.99000549316406,149.27000427246094,150.2899932861328,150.55999755859375,152.92999267578125,153.4199981689453,153.77999877929688,153.94000244140625,152.11000061035156,156.41000366210938,156.3000030517578,156.25,156.58999633789062,157.0,155.27999877929688,156.9199981689453,157.08999633789062,156.88999938964844,156.11000061035156,157.02000427246094,155.7899932861328,154.7899932861328,153.2100067138672,152.11000061035156,152.5399932861328,151.77000427246094,151.8300018310547,153.25,152.5399932861328,153.5399932861328,153.77999877929688,153.8699951171875,154.0399932861328,154.33999633789062,154.50999450683594,152.44000244140625,152.13999938964844,153.58999633789062,152.92999267578125,154.75,152.02999877929688,153.08999633789062,154.77000427246094,153.47000122070312,154.0500030517578,153.60000610351562,153.47000122070312,152.13999938964844,151.5800018310547,150.66000366210938,149.32000732421875,147.33999633789062,146.33999633789062,145.86000061035156,145.19000244140625,145.49000549316406,145.97000122070312,143.8000030517578,144.08999633789062,143.36000061035156,144.77999877929688,143.0,143.32000732421875,144.69000244140625,146.07000732421875,146.25999450683594,150.02999877929688,148.25,148.0500030517578,148.14999389648438,149.89999389648438,150.60000610351562,149.8000030517578,147.16000366210938,149.25999450683594,150.02999877929688,149.61000061035156,151.44000244140625,150.07000732421875,150.94000244140625,150.58999633789062,150.00999450683594,150.35000610351562,151.41000366210938,152.4600067138672,152.1199951171875,151.4199981689453,152.8300018310547,151.07000732421875,150.27000427246094,149.61000061035156,151.02000427246094,151.3800048828125,151.24000549316406,152.2899932861328,151.1300048828125,153.52000427246094,152.66000366210938,152.05999755859375,146.75999450683594,146.64999389648438,146.5,145.14999389648438,145.82000732421875,145.94000244140625,148.5800018310547,144.66000366210938,143.9600067138672,146.1699981689453,146.1699981689453,143.91000366210938,144.25999450683594,145.27999877929688,145.94000244140625,146.05999755859375,145.72999572753906,146.5399932861328,148.74000549316406,147.83999633789062,148.64999389648438,147.4199981689453,148.69000244140625,149.3000030517578,149.94000244140625
AAP,151.5399932861328,151.88999938964844,153.16000366210938,154.02000427246094,152.25999450683594,151.97000122070312,153.27999877929688,152.19000244140625,151.02999877929688,149.2100067138672,146.97999572753906,143.27000427246094,147.49000549316406,148.6199951171875,147.27000427246094,149.11000061035156,147.6199951171875,147.44000244140625,149.8800048828125,152.27999877929688,156.83999633789062,155.24000549316406,152.1699981689453,151.6699981689453,151.47000122070312,148.82000732421875,151.91000366210938,151.8000030517578,152.19000244140625,150.75999450683594,151.2899932861328,150.19000244140625,149.99000549316406,144.19000244140625,143.6199951171875,142.00999450683594,138.85000610351562,140.6300048828125,144.9600067138672,138.82000732421875,139.2100067138672,138.47999572753906,135.1300048828125,133.69000244140625,132.2100067138672,129.8300018310547,128.0399932861328,124.36000061035156,121.69999694824219,121.7699966430664,122.02999877929688,119.4000015258789,118.68000030517578,119.79000091552734,113.5999984741211,111.13999938964844,110.83000183105469,114.73999786376953,115.73999786376953,117.55000305175781,118.61000061035156,121.61000061035156,122.69000244140625,121.33999633789062,120.20999908447266,120.69000244140625,120.38999938964844,122.18000030517578,121.33999633789062,123.25,123.5999984741211,126.87000274658203,126.6500015258789,128.11000061035156,128.3699951171875,128.2100067138672,126.83000183105469,123.77999877929688,122.33000183105469,124.9000015258789,125.52999877929688,125.47000122070312,124.12000274658203,123.80000305175781,120.23999786376953,123.7699966430664,125.75,125.5199966430664,125.80000305175781,124.16999816894531,122.86000061035156,121.94999694824219,117.33999633789062,122.0999984741211,121.4800033569336,117.41000366210938,119.44000244140625,116.77999877929688,115.2300033569336,111.62000274658203,112.1500015258789,112.19999694824219,72.88999938964844,68.02999877929688,67.55999755859375,65.58999633789062,66.06999969482422,65.54000091552734,64.73999786376953,63.58000183105469,66.88999938964844,68.66000366210938,70.19999694824219,69.91000366210938,69.22000122070312,67.9800033569336,68.72000122070312,67.97000122070312,65.66999816894531,67.29000091552734,68.31999969482422,68.08000183105469,68.2300033569336,70.30000305175781,70.94999694824219,71.16000366210938,69.95999908447266,69.37999725341797,68.80000305175781,70.12000274658203,70.75,70.66000366210938,70.63999938964844,69.4800033569336,69.30999755859375,72.44000244140625,70.01000213623047,70.7300033569336,72.76000213623047,71.55000305175781,73.08999633789062,72.63999938964844,73.16999816894531,74.38999938964844,73.72000122070312,69.63999938964844,72.02999877929688,71.01000213623047,71.30000305175781,70.55999755859375,71.19999694824219,71.52999877929688,72.27999877929688,71.11000061035156,69.7300033569336,69.87000274658203,69.45999908447266,69.83000183105469,68.19999694824219,67.33999633789062,69.44000244140625,67.91000366210938,64.08000183105469,65.62999725341797,66.94000244140625,68.0999984741211,68.81999969482422,67.6500015258789,67.55999755859375,67.0,63.38999938964844,64.61000061035156,62.540000915527344,57.459999084472656,57.93000030517578,59.619998931884766,59.81999969482422,58.15999984741211,59.65999984741211,60.119998931884766,58.2400016784668,57.599998474121094,56.91999816894531,54.95000076293945,54.81999969482422,55.06999969482422,55.93000030517578,53.939998626708984,53.400001525878906,52.380001068115234,52.959999084472656,51.9900016784668,51.36000061035156,52.09000015258789,51.2599983215332,49.970001220703125,50.75,53.59000015258789,54.68000030517578,53.2400016784668,51.29999923706055,51.20000076293945,48.45000076293945,48.25,49.84000015258789,51.029998779296875,49.900001525878906,51.33000183105469,52.029998779296875,51.54999923706055,52.939998626708984,57.13999938964844,56.65999984741211,58.380001068115234,57.63999938964844,56.13999938964844,56.130001068115234,55.939998626708984,58.400001525878906,55.66999816894531,53.41999816894531,50.33000183105469,53.02000045776367,50.9900016784668,52.59000015258789,53.08000183105469,51.0099983215332,51.63999938964844,51.58000183105469,50.790000915527344,54.09000015258789,55.630001068115234,53.15999984741211,55.15999984741211,56.25,56.27000045776367,57.08000183105469,56.25,60.83000183105469,63.970001220703125,62.720001220703125,60.65999984741211,60.86000061035156,59.45000076293945,60.689998626708984,61.25,60.91999816894531,61.560001373291016,61.4900016784668,61.029998779296875,61.95000076293945,61.0,60.4900016784668,61.52000045776367,61.90999984741211,61.38999938964844,60.97999954223633
GOOG,89.69999694824219,88.70999908447266,86.7699966430664,88.16000366210938,88.80000305175781,89.23999786376953,92.26000213623047,91.91000366210938,92.80000305175781,92.16000366210938,91.77999877929688,93.91000366210938,99.27999877929688,101.20999908447266,99.20999908447266,96.7300033569336,99.16000366210938,100.70999908447266,97.94999694824219,99.87000274658203,101.43000030517578,108.80000305175781,105.22000122070312,103.47000122070312,108.04000091552734,100.0,95.45999908447266,94.86000061035156,95.0,94.94999694824219,97.0999984741211,95.77999877929688,94.58999633789062,92.05000305175781,91.80000305175781,91.06999969482422,89.3499984741211,90.0999984741211,90.30000305175781,90.51000213623047,92.30999755859375,94.0199966430664,95.58000183105469,94.16999816894531,94.6500015258789,92.66000366210938,91.01000213623047,91.66000366210938,94.25,96.55000305175781,101.06999969482422,102.45999908447266,101.93000030517578,105.83999633789062,104.22000122070312,106.26000213623047,106.05999755859375,103.05999755859375,101.36000061035156,101.9000015258789,101.31999969482422,104.0,104.91000366210938,105.12000274658203,104.94999694824219,108.9000015258789,106.94999694824219,106.12000274658203,105.22000122070312,108.19000244140625,109.45999908447266,106.41999816894531,105.12000274658203,105.0199966430664,105.9000015258789,105.91000366210938,106.77999877929688,104.61000061035156,104.44999694824219,108.37000274658203,108.22000122070312,107.70999908447266,105.9800033569336,106.12000274658203,105.20999908447266,106.21499633789062,108.23999786376953,107.94000244140625,112.27999877929688,116.9000015258789,117.91999816894531,116.95999908447266,120.08999633789062,121.4800033569336,123.5199966430664,123.25,125.87000274658203,123.29000091552734,121.63999938964844,124.3499984741211,125.43000030517578,124.63999938964844,123.37000274658203,124.37000274658203,125.2300033569336,126.62999725341797,127.91000366210938,122.94000244140625,122.66999816894531,122.87000274658203,124.3499984741211,124.43000030517578,124.37999725341797,125.79000091552734,124.05999755859375,123.8499984741211,121.26000213623047,123.87000274658203,123.0199966430664,119.08999633789062,119.01000213623047,121.08000183105469,120.01000213623047,120.97000122070312,120.55999755859375,122.62999725341797,120.93000030517578,120.13999938964844,116.87000274658203,117.70999908447266,119.62000274658203,124.83000183105469,125.69999694824219,125.05999755859375,124.08000183105469,122.77999877929688,119.52999877929688,120.30999755859375,121.87999725341797,122.79000091552734,129.66000366210938,129.8699951171875,133.00999450683594,133.11000061035156,131.88999938964844,128.63999938964844,128.77000427246094,128.5399932861328,131.94000244140625,131.83999633789062,130.14999389648438,130.2100067138672,130.1699981689453,131.8300018310547,130.27000427246094,129.11000061035156,130.4600067138672,128.11000061035156,128.92999267578125,129.69000244140625,133.2100067138672,130.4199981689453,130.69000244140625,131.7899932861328,135.49000549316406,136.92999267578125,137.35000610351562,136.8000030517578,136.7100067138672,135.3699951171875,136.1999969482422,137.1999969482422,137.74000549316406,136.07000732421875,137.5,138.99000549316406,138.3000030517578,138.9600067138672,138.8300018310547,134.58999633789062,131.36000061035156,131.25,132.1699981689453,129.4499969482422,131.4600067138672,133.1300048828125,131.85000610351562,135.1699981689453,133.3000030517578,136.27000427246094,135.99000549316406,138.72999572753906,139.5,139.1999969482422,141.6999969482422,140.2899932861328,138.5800018310547,140.49000549316406,140.99000549316406,139.27999877929688,138.97999572753906,136.74000549316406,137.89999389648438,140.1199951171875,126.66999816894531,123.44000244140625,123.4000015258789,125.75,125.30000305175781,127.56999969482422,128.5800018310547,130.3699951171875,131.4499969482422,132.39999389648438,133.25999450683594,131.69000244140625,134.05999755859375,133.63999938964844,135.42999267578125,136.3800048828125,138.6999969482422,136.94000244140625,137.9199981689453,138.6199951171875,140.02000427246094,138.22000122070312,138.0500030517578,138.6199951171875,136.39999389648438,133.9199981689453,133.32000732421875,130.6300048828125,132.38999938964844,131.42999267578125,138.4499969482422,136.63999938964844,134.6999969482422,133.63999938964844,133.97000122070312,133.1999969482422,133.83999633789062,137.19000244140625,138.10000610351562,139.66000366210938,141.8000030517578,142.72000122070312,142.82000732421875,141.44000244140625,141.27999877929688,140.92999267578125,139.55999755859375,140.36000061035156,138.0399932861328,137.38999938964844,140.52999877929688,142.55999755859375,143.8000030517578
IBM,141.5500030517578,142.60000610351562,141.11000061035156,143.6999969482422,143.5500030517578,144.8000030517578,145.25999450683594,145.5500030517578,145.88999938964844,145.19000244140625,140.41000366210938,140.6199951171875,141.1999969482422,141.86000061035156,141.49000549316406,140.75999450683594,134.4499969482422,134.38999938964844,135.3000030517578,134.72999572753906,135.08999633789062,136.38999938964844,136.94000244140625,136.17999267578125,135.83999633789062,135.97999572753906,133.75,135.60000610351562,137.35000610351562,136.00999450683594,136.39999389648438,135.0,135.02000427246094,131.7100067138672,130.97000122070312,130.7899932861328,130.57000732421875,130.49000549316406,129.3000030517578,128.19000244140625,128.92999267578125,129.63999938964844,130.19000244140625,128.25,128.0500030517578,126.16000366210938,125.44999694824219,125.58000183105469,124.6500015258789,123.27999877929688,124.69999694824219,123.69000244140625,125.94000244140625,126.56999969482422,124.05000305175781,123.37000274658203,125.29000091552734,129.30999755859375,129.33999633789062,129.7100067138672,129.22000122070312,131.08999633789062,132.05999755859375,131.60000610351562,132.13999938964844,130.5,131.02999877929688,130.4199981689453,128.5399932861328,127.9000015258789,128.13999938964844,127.81999969482422,127.77999877929688,126.31999969482422,126.36000061035156,125.7300033569336,125.4000015258789,125.88999938964844,125.8499984741211,126.97000122070312,126.41000366210938,126.08999633789062,125.16000366210938,123.44999694824219,122.56999969482422,123.6500015258789,123.4000015258789,121.16999816894531,122.0199966430664,120.9000015258789,122.83999633789062,123.36000061035156,123.45999908447266,125.70999908447266,126.1500015258789,127.26000213623047,127.5,128.17999267578125,125.68000030517578,126.76000213623047,128.88999938964844,129.47999572753906,128.58999633789062,129.82000732421875,132.4199981689453,132.63999938964844,132.69000244140625,134.3800048828125,134.41000366210938,135.3000030517578,136.4199981689453,137.60000610351562,137.1999969482422,138.39999389648438,137.47999572753906,135.9600067138672,133.69000244140625,131.1699981689453,129.42999267578125,131.33999633789062,132.33999633789062,131.75999450683594,134.05999755859375,133.80999755859375,133.6699981689453,134.24000549316406,132.16000366210938,132.0800018310547,132.89999389648438,134.44000244140625,132.83999633789062,133.9199981689453,133.39999389648438,134.24000549316406,135.36000061035156,135.47999572753906,138.3800048828125,138.94000244140625,139.5399932861328,140.3300018310547,141.07000732421875,142.97000122070312,143.4499969482422,144.17999267578125,143.3300018310547,144.1699981689453,144.4499969482422,144.24000549316406,146.17999267578125,145.91000366210938,142.49000549316406,143.25,143.1199951171875,141.91000366210938,141.8699951171875,140.63999938964844,140.66000366210938,141.41000366210938,142.27999877929688,141.49000549316406,143.41000366210938,143.5500030517578,145.35000610351562,146.02000427246094,146.4499969482422,146.86000061035156,146.8300018310547,147.94000244140625,148.1300048828125,148.05999755859375,147.52000427246094,147.67999267578125,148.3800048828125,146.3000030517578,146.5500030517578,147.35000610351562,145.99000549316406,145.08999633789062,146.52000427246094,149.8300018310547,147.3800048828125,146.91000366210938,146.47999572753906,143.24000549316406,143.1699981689453,141.5800018310547,140.3000030517578,140.8000030517578,140.38999938964844,141.07000732421875,141.52000427246094,142.02999877929688,142.1999969482422,142.11000061035156,143.22999572753906,141.24000549316406,138.4600067138672,139.2100067138672,140.32000732421875,139.97000122070312,138.00999450683594,137.16000366210938,136.3800048828125,137.7899932861328,137.0800018310547,143.75999450683594,142.52000427246094,142.6300048828125,144.63999938964844,145.39999389648438,147.00999450683594,147.89999389648438,148.97000122070312,148.8300018310547,148.02999877929688,146.6199951171875,149.02000427246094,148.10000610351562,150.41000366210938,152.5800018310547,153.05999755859375,152.88999938964844,154.35000610351562,153.91000366210938,155.1300048828125,155.17999267578125,155.57000732421875,155.64999389648438,156.41000366210938,158.55999755859375,160.5500030517578,161.10000610351562,161.38999938964844,160.27999877929688,160.22000122070312,161.9600067138672,163.50999450683594,164.7100067138672,163.6199951171875,162.91000366210938,162.22999572753906,162.74000549316406,161.55999755859375,160.0500030517578,160.77999877929688,162.13999938964844,163.2100067138672,163.4600067138672,163.75,163.5500030517578,161.5,160.10000610351562,160.86000061035156,159.16000366210938,161.13999938964844,160.0800018310547,161.22999572753906
NFLX,294.95001220703125,309.4100036621094,309.70001220703125,315.54998779296875,315.1700134277344,327.5400085449219,327.260009765625,330.1300048828125,332.82000732421875,326.2200012207031,326.3299865722656,315.7799987792969,342.5,357.4200134277344,363.8299865722656,367.9599914550781,364.8699951171875,360.7699890136719,353.1099853515625,353.8599853515625,361.989990234375,366.8900146484375,365.8999938964844,361.4800109863281,362.95001220703125,366.8299865722656,362.5,347.3599853515625,358.57000732421875,359.9599914550781,361.4200134277344,350.7099914550781,347.9599914550781,337.5,334.8800048828125,323.6499938964844,317.1499938964844,323.0299987792969,322.1300048828125,313.4800109863281,311.8800048828125,315.17999267578125,312.0299987792969,308.4700012207031,311.7900085449219,297.7799987792969,292.760009765625,293.510009765625,294.94000244140625,303.7900085449219,310.05999755859375,303.5,305.1300048828125,305.7900085449219,293.8999938964844,320.3699951171875,328.3900146484375,327.6600036621094,323.5199890136719,332.0299987792969,338.42999267578125,345.4800109863281,348.2799987792969,346.75,342.3500061035156,339.3299865722656,338.989990234375,338.2099914550781,331.0299987792969,346.19000244140625,338.6300048828125,332.7200012207031,333.70001220703125,323.1199951171875,325.3500061035156,327.9800109863281,329.0199890136719,322.54998779296875,321.1499938964844,325.8500061035156,329.92999267578125,324.1199951171875,317.54998779296875,319.29998779296875,320.7799987792969,322.760009765625,331.2099914550781,332.1400146484375,335.4200134277344,344.760009765625,339.8900146484375,335.8900146484375,333.75,339.9599914550781,371.2900085449219,365.3599853515625,363.010009765625,355.989990234375,364.8500061035156,359.0,378.8800048828125,392.9800109863281,395.2300109863281,403.1300048828125,400.4700012207031,403.5400085449219,399.2900085449219,399.7699890136719,409.3699951171875,420.0199890136719,423.9700012207031,435.7300109863281,440.8599853515625,445.2699890136719,431.9599914550781,434.70001220703125,424.45001220703125,422.4800109863281,424.0199890136719,415.94000244140625,417.0799865722656,429.8399963378906,428.239990234375,440.489990234375,441.44000244140625,445.8999938964844,438.8399963378906,438.1000061035156,441.7099914550781,440.2099914550781,444.04998779296875,450.3800048828125,441.9100036621094,450.04998779296875,474.79998779296875,477.5899963378906,437.4200134277344,427.5,428.3699951171875,427.70001220703125,422.6700134277344,413.1700134277344,425.7799987792969,438.9700012207031,438.6199951171875,429.70001220703125,431.0,431.6000061035156,440.760009765625,438.29998779296875,428.8999938964844,429.9800109863281,421.6600036621094,427.7799987792969,423.70001220703125,415.45001220703125,403.0,404.5299987792969,408.2900085449219,413.1700134277344,427.54998779296875,406.92999267578125,416.0299987792969,418.05999755859375,429.989990234375,434.6700134277344,433.67999267578125,439.8800048828125,448.67999267578125,445.760009765625,443.1400146484375,442.79998779296875,445.3599853515625,434.69000244140625,412.239990234375,400.489990234375,396.94000244140625,394.3999938964844,396.20001220703125,386.29998779296875,384.1499938964844,379.80999755859375,384.79998779296875,379.25,377.5899963378906,376.3599853515625,377.6000061035156,380.3299865722656,376.75,376.8999938964844,372.5899963378906,381.510009765625,385.95001220703125,373.32000732421875,365.92999267578125,361.20001220703125,355.67999267578125,360.82000732421875,355.7200012207031,346.19000244140625,401.7699890136719,400.9599914550781,406.8399963378906,413.7300109863281,411.25,403.5400085449219,397.8699951171875,410.0799865722656,411.69000244140625,420.19000244140625,424.7099914550781,432.3599853515625,434.739990234375,434.6099853515625,436.6499938964844,435.1499938964844,447.239990234375,444.6199951171875,448.6499938964844,461.94000244140625,466.95001220703125,465.9100036621094,474.4700012207031,474.95001220703125,478.0,479.55999755859375,479.1700134277344,479.0,477.19000244140625,473.9700012207031,465.739990234375,453.8999938964844,455.1499938964844,446.7300109863281,452.0,453.760009765625,459.8900146484375,463.0,479.9800109863281,469.8299865722656,472.05999755859375,486.1199951171875,495.0199890136719,489.2699890136719,491.6099853515625,486.760009765625,491.19000244140625,491.7900085449219,490.510009765625,486.8800048828125,468.5,470.260009765625,474.6700134277344,474.05999755859375,485.0299987792969,482.0899963378906,478.3299865722656
GS,346.2200012207031,347.70001220703125,343.760009765625,348.0799865722656,353.0,357.3599853515625,364.4800109863281,369.94000244140625,374.0,349.9200134277344,349.0899963378906,350.75,341.8399963378906,349.1400146484375,348.3299865722656,349.6300048828125,354.9700012207031,353.70001220703125,357.4599914550781,365.80999755859375,365.7099914550781,369.4700012207031,369.95001220703125,370.79998779296875,374.3999938964844,375.1000061035156,367.989990234375,371.2799987792969,374.0199890136719,371.7799987792969,374.3399963378906,370.20001220703125,368.5,361.1199951171875,360.8900146484375,363.5400085449219,363.8500061035156,365.5299987792969,351.6499938964844,346.2300109863281,349.1000061035156,357.0899963378906,357.04998779296875,346.0799865722656,349.2900085449219,342.0899963378906,327.6700134277344,315.510009765625,322.1499938964844,312.19000244140625,315.0899963378906,303.5400085449219,309.5299987792969,317.2799987792969,313.6700134277344,314.8500061035156,312.57000732421875,318.5299987792969,318.44000244140625,320.7200012207031,321.1400146484375,327.1099853515625,326.5199890136719,322.6499938964844,321.5299987792969,322.3999938964844,324.9599914550781,327.3699951171875,330.239990234375,332.1300048828125,336.9200134277344,339.67999267578125,333.9100036621094,336.8900146484375,338.7099914550781,341.6600036621094,343.9599914550781,339.4800109863281,336.55999755859375,341.6000061035156,343.44000244140625,340.57000732421875,333.3699951171875,328.6499938964844,321.260009765625,327.0199890136719,326.510009765625,324.7699890136719,322.54998779296875,320.7200012207031,319.5,322.07000732421875,320.80999755859375,330.17999267578125,329.5799865722656,326.1499938964844,324.9200134277344,323.57000732421875,319.80999755859375,323.8800048828125,332.010009765625,330.8299865722656,323.8999938964844,316.3999938964844,323.6499938964844,321.80999755859375,326.79998779296875,335.75,335.4700012207031,336.0199890136719,339.489990234375,342.5,338.4200134277344,339.739990234375,338.30999755859375,330.7200012207031,325.07000732421875,319.5799865722656,314.7099914550781,312.3599853515625,313.45001220703125,313.6600036621094,323.0899963378906,322.5400085449219,326.6099853515625,320.04998779296875,313.0,315.1700134277344,316.4700012207031,320.8800048828125,326.3999938964844,328.67999267578125,326.19000244140625,327.20001220703125,337.2699890136719,340.54998779296875,350.8599853515625,351.9599914550781,358.92999267578125,354.70001220703125,357.55999755859375,354.510009765625,353.2300109863281,355.8699951171875,357.7200012207031,351.1000061035156,353.1600036621094,353.2200012207031,355.55999755859375,348.260009765625,342.69000244140625,340.3999938964844,340.7300109863281,337.739990234375,332.2099914550781,329.1099853515625,327.5199890136719,324.92999267578125,322.05999755859375,318.7900085449219,322.3299865722656,319.9599914550781,320.1499938964844,325.9700012207031,332.54998779296875,328.5799865722656,327.7099914550781,327.3999938964844,323.75,321.1300048828125,321.9599914550781,325.5199890136719,324.6499938964844,330.8999938964844,334.9800109863281,344.57000732421875,342.5400085449219,343.32000732421875,341.8900146484375,336.70001220703125,330.239990234375,327.8900146484375,328.8399963378906,323.82000732421875,321.95001220703125,325.20001220703125,323.57000732421875,318.5,306.1199951171875,308.6000061035156,310.5,312.4800109863281,312.6099853515625,314.7699890136719,313.0199890136719,309.8500061035156,309.29998779296875,314.3900146484375,309.3599853515625,301.9599914550781,299.19000244140625,300.04998779296875,299.2200012207031,299.17999267578125,296.760009765625,296.989990234375,289.9100036621094,300.8299865722656,303.6099853515625,307.1600036621094,313.760009765625,327.6199951171875,323.9100036621094,323.95001220703125,324.55999755859375,320.7799987792969,325.510009765625,326.9100036621094,338.7200012207031,337.6000061035156,336.6700134277344,339.19000244140625,339.45001220703125,334.9700012207031,338.6400146484375,339.1499938964844,337.7099914550781,337.6499938964844,340.260009765625,341.5400085449219,348.42999267578125,349.3900146484375,341.75,341.9700012207031,344.6199951171875,350.8299865722656,351.760009765625,352.6099853515625,362.7300109863281,383.4700012207031,380.510009765625,376.3999938964844,382.45001220703125,377.5199890136719,380.57000732421875,380.6499938964844,381.6099853515625,384.4800109863281,386.4100036621094,385.7699890136719,388.29998779296875,381.7900085449219,382.95001220703125,386.44000244140625,388.8599853515625,383.739990234375,381.9599914550781
GM,33.81999969482422,34.689998626708984,35.0,35.90999984741211,35.91999816894531,37.11000061035156,37.81999969482422,38.33000183105469,36.5099983215332,36.61000061035156,36.439998626708984,35.72999954223633,35.349998474121094,36.439998626708984,36.20000076293945,36.31999969482422,36.47999954223633,37.95000076293945,36.290000915527344,39.31999969482422,39.29999923706055,41.5,41.130001068115234,41.34000015258789,41.400001525878906,41.56999969482422,41.630001068115234,41.349998474121094,42.02000045776367,42.43000030517578,42.95000076293945,43.099998474121094,43.16999816894531,41.130001068115234,40.88999938964844,39.25,39.18000030517578,39.310001373291016,38.7400016784668,38.720001220703125,39.529998779296875,41.0099983215332,40.45000076293945,39.7400016784668,39.7599983215332,37.81999969482422,36.52000045776367,35.7599983215332,35.599998474121094,34.33000183105469,34.61000061035156,33.380001068115234,33.619998931884766,35.099998474121094,34.04999923706055,33.7400016784668,33.709999084472656,34.45000076293945,34.220001220703125,35.70000076293945,35.9900016784668,36.68000030517578,36.27000045776367,35.7400016784668,35.09000015258789,34.59000015258789,35.72999954223633,35.40999984741211,34.619998931884766,34.529998779296875,34.4900016784668,35.13999938964844,35.33000183105469,34.58000183105469,33.540000915527344,33.54999923706055,34.290000915527344,32.90999984741211,32.220001220703125,32.720001220703125,33.040000915527344,33.47999954223633,33.08000183105469,32.47999954223633,31.690000534057617,33.2599983215332,33.65999984741211,33.279998779296875,33.08000183105469,33.119998931884766,32.400001525878906,32.369998931884766,31.540000915527344,32.439998626708984,32.900001525878906,32.65999984741211,32.86000061035156,33.41999816894531,32.279998779296875,32.40999984741211,33.290000915527344,33.36000061035156,32.40999984741211,33.02000045776367,34.279998779296875,34.130001068115234,35.2400016784668,36.220001220703125,35.849998474121094,36.22999954223633,36.66999816894531,37.650001525878906,37.36000061035156,38.029998779296875,37.959999084472656,37.31999969482422,37.0099983215332,36.65999984741211,36.18000030517578,36.70000076293945,37.47999954223633,38.189998626708984,38.20000076293945,38.560001373291016,38.959999084472656,39.41999816894531,39.459999084472656,39.61000061035156,39.63999938964844,39.970001220703125,40.40999984741211,40.5,40.0,38.75,39.130001068115234,39.22999954223633,39.2599983215332,38.54999923706055,39.29999923706055,37.91999816894531,38.290000915527344,38.970001220703125,38.04999923706055,38.369998931884766,38.119998931884766,37.38999938964844,36.91999816894531,36.56999969482422,37.09000015258789,36.84000015258789,36.2599983215332,34.15999984741211,33.88999938964844,34.06999969482422,33.29999923706055,32.81999969482422,32.91999816894531,33.119998931884766,33.27000045776367,32.93000030517578,33.560001373291016,32.880001068115234,32.95000076293945,33.119998931884766,33.459999084472656,33.38999938964844,33.5099983215332,33.540000915527344,33.279998779296875,32.81999969482422,32.56999969482422,32.95000076293945,32.619998931884766,33.470001220703125,33.65999984741211,33.65999984741211,33.95000076293945,33.34000015258789,33.959999084472656,33.20000076293945,32.709999084472656,32.58000183105469,33.060001373291016,32.2599983215332,32.349998474121094,33.15999984741211,32.970001220703125,32.470001220703125,31.3799991607666,31.040000915527344,30.309999465942383,30.899999618530273,30.989999771118164,31.479999542236328,30.979999542236328,30.31999969482422,29.65999984741211,30.059999465942383,30.329999923706055,29.479999542236328,29.329999923706055,29.65999984741211,29.219999313354492,28.559999465942383,29.010000228881836,28.549999237060547,27.219999313354492,27.360000610351562,28.200000762939453,28.0,28.799999237060547,29.770000457763672,29.110000610351562,28.40999984741211,27.559999465942383,26.649999618530273,26.850000381469727,26.899999618530273,28.200000762939453,28.139999389648438,27.479999542236328,28.030000686645508,28.520000457763672,27.899999618530273,28.100000381469727,28.18000030517578,28.5,28.889999389648438,31.600000381469727,31.600000381469727,32.36000061035156,33.06999969482422,32.68000030517578,32.90999984741211,33.5099983215332,33.75,33.58000183105469,33.41999816894531,33.9900016784668,36.25,35.72999954223633,35.439998626708984,35.869998931884766,35.470001220703125,36.25,36.02000045776367,36.130001068115234,36.08000183105469,36.20000076293945,35.91999816894531,36.04999923706055,35.27000045776367,35.4900016784668,35.9900016784668,36.70000076293945,36.540000915527344,36.310001373291016
GE,66.33879852294922,70.19999694824219,71.29000091552734,71.94000244140625,72.66999816894531,75.2699966430664,77.69000244140625,78.86000061035156,80.19999694824219,80.48999786376953,79.2699966430664,76.86000061035156,77.68000030517578,79.7699966430664,80.69999694824219,80.79000091552734,81.13999938964844,83.2300033569336,80.83000183105469,80.4800033569336,82.31999969482422,83.94000244140625,81.95999908447266,82.3499984741211,82.11000061035156,81.95999908447266,80.79000091552734,81.29000091552734,82.68000030517578,83.54000091552734,84.7699966430664,84.05000305175781,83.04000091552734,82.26000213623047,83.19000244140625,82.94000244140625,83.55000305175781,83.83999633789062,84.70999908447266,84.13999938964844,85.72000122070312,86.37999725341797,87.05999755859375,86.38999938964844,86.9800033569336,91.55999755859375,91.0,88.97000122070312,91.16999816894531,89.76000213623047,91.97000122070312,90.29000091552734,89.91999816894531,92.18000030517578,89.58999633789062,91.58999633789062,91.37000274658203,93.30999755859375,93.13999938964844,94.05999755859375,94.05000305175781,95.5999984741211,96.91999816894531,95.05000305175781,94.25,93.5999984741211,94.36000061035156,93.91000366210938,94.0999984741211,94.30000305175781,95.44000244140625,96.7699966430664,98.47000122070312,99.02999877929688,99.76000213623047,99.51000213623047,100.1500015258789,98.44000244140625,96.20999908447266,98.05999755859375,98.97000122070312,101.18000030517578,101.51000213623047,101.7699966430664,99.31999969482422,100.23999786376953,100.91999816894531,101.0,99.54000091552734,99.51000213623047,98.80000305175781,102.0,101.12999725341797,103.47000122070312,104.01000213623047,104.26000213623047,104.55000305175781,101.69999694824219,100.9800033569336,101.5199966430664,102.73999786376953,102.4000015258789,101.52999877929688,104.66999816894531,105.80000305175781,104.0999984741211,105.45999908447266,106.08000183105469,106.06999969482422,106.30000305175781,106.2300033569336,106.73999786376953,104.69999694824219,105.41000366210938,106.29000091552734,104.0199966430664,105.05000305175781,104.81999969482422,103.77999877929688,104.44999694824219,104.91999816894531,107.05000305175781,107.73999786376953,109.8499984741211,108.27999877929688,108.6500015258789,107.37000274658203,108.2699966430664,110.52999877929688,111.22000122070312,111.19999694824219,111.27999877929688,110.27999877929688,111.13999938964844,111.05999755859375,109.88999938964844,111.23999786376953,110.33000183105469,110.25,117.16000366210938,114.72000122070312,115.41999816894531,114.38999938964844,114.23999786376953,113.22000122070312,111.97000122070312,112.36000061035156,113.05999755859375,114.7300033569336,113.55000305175781,112.16999816894531,113.56999969482422,114.5999984741211,115.55000305175781,113.8499984741211,113.56999969482422,110.95999908447266,111.79000091552734,112.0199966430664,111.66000366210938,113.47000122070312,111.04000091552734,111.97000122070312,113.95999908447266,115.33000183105469,114.30999755859375,114.45999908447266,114.23999786376953,112.87999725341797,112.68000030517578,111.79000091552734,111.72000122070312,114.26000213623047,115.0,113.5999984741211,115.6500015258789,115.48999786376953,116.56999969482422,116.20999908447266,114.8499984741211,112.98999786376953,111.25,111.72000122070312,109.93000030517578,110.88999938964844,112.33999633789062,110.55000305175781,108.79000091552734,107.76000213623047,108.8499984741211,108.72000122070312,111.47000122070312,110.26000213623047,111.4800033569336,113.26000213623047,111.33000183105469,109.37999725341797,109.13999938964844,110.0199966430664,107.56999969482422,106.94999694824219,106.08000183105469,106.69000244140625,113.62000274658203,111.19999694824219,108.80000305175781,106.3499984741211,109.80999755859375,108.62999725341797,107.25,107.77999877929688,108.91999816894531,111.77999877929688,111.80000305175781,113.8499984741211,113.08999633789062,115.2699966430664,115.5199966430664,117.25,116.30000305175781,118.94000244140625,119.93000030517578,120.06999969482422,119.88999938964844,119.5999984741211,119.97000122070312,119.97000122070312,118.8499984741211,118.86000061035156,121.80000305175781,122.5,121.52999877929688,120.2300033569336,119.80999755859375,119.4800033569336,120.58999633789062,120.27999877929688,122.31999969482422,121.18000030517578,121.3499984741211,123.2300033569336,123.63999938964844,125.94000244140625,123.37000274658203,126.97000122070312,126.69000244140625,127.47000122070312,128.1999969482422,128.32000732421875,127.62999725341797,125.94999694824219,124.05999755859375,124.66000366210938,126.29000091552734,128.27999877929688,128.77999877929688,129.6999969482422
CSCO,47.939998626708984,47.54999923706055,46.880001068115234,48.31999969482422,48.58000183105469,48.810001373291016,49.209999084472656,49.0,48.880001068115234,48.08000183105469,46.900001525878906,46.459999084472656,46.779998779296875,47.5,47.810001373291016,47.97999954223633,48.34000015258789,48.5099983215332,48.220001220703125,48.66999816894531,48.56999969482422,49.31999969482422,48.630001068115234,47.56999969482422,47.84000015258789,46.959999084472656,46.72999954223633,47.2599983215332,47.86000061035156,47.70000076293945,48.45000076293945,50.9900016784668,50.77000045776367,49.689998626708984,49.310001373291016,49.209999084472656,48.47999954223633,48.72999954223633,48.41999816894531,48.34000015258789,48.529998779296875,49.279998779296875,49.41999816894531,48.90999984741211,49.11000061035156,48.810001373291016,48.560001373291016,48.40999984741211,49.04999923706055,49.060001373291016,50.119998931884766,50.189998626708984,50.939998626708984,50.66999816894531,49.459999084472656,49.72999954223633,50.5099983215332,50.540000915527344,50.38999938964844,51.16999816894531,51.43000030517578,52.279998779296875,52.310001373291016,51.81999969482422,51.81999969482422,51.27000045776367,51.33000183105469,50.619998931884766,50.11000061035156,50.79999923706055,50.540000915527344,50.279998779296875,50.310001373291016,48.040000915527344,46.58000183105469,47.029998779296875,47.38999938964844,47.09000015258789,46.540000915527344,46.560001373291016,47.25,47.34000015258789,46.36000061035156,45.959999084472656,45.70000076293945,46.25,46.34000015258789,46.470001220703125,46.709999084472656,46.369998931884766,46.709999084472656,47.099998474121094,46.91999816894531,47.630001068115234,48.20000076293945,49.130001068115234,48.81999969482422,48.90999984741211,48.40999984741211,49.029998779296875,49.86000061035156,50.16999816894531,49.66999816894531,49.7400016784668,50.02000045776367,50.209999084472656,49.810001373291016,49.779998779296875,49.68000030517578,49.65999984741211,50.47999954223633,50.79999923706055,50.959999084472656,51.93000030517578,52.06999969482422,51.54999923706055,50.849998474121094,51.119998931884766,50.33000183105469,50.209999084472656,50.86000061035156,50.869998931884766,51.209999084472656,51.7400016784668,51.81999969482422,51.5099983215332,51.11000061035156,50.9900016784668,51.400001525878906,52.119998931884766,50.7400016784668,51.529998779296875,50.380001068115234,50.810001373291016,51.2400016784668,52.43000030517578,52.369998931884766,52.630001068115234,53.11000061035156,53.599998474121094,53.220001220703125,53.0,52.09000015258789,52.040000915527344,52.65999984741211,52.58000183105469,53.150001525878906,52.630001068115234,53.0099983215332,53.060001373291016,52.9900016784668,53.369998931884766,53.790000915527344,53.880001068115234,53.349998474121094,52.959999084472656,54.72999954223633,55.040000915527344,55.439998626708984,55.459999084472656,55.97999954223633,55.2400016784668,55.70000076293945,56.20000076293945,56.560001373291016,56.810001373291016,57.349998474121094,57.84000015258789,57.2599983215332,57.15999984741211,56.790000915527344,56.66999816894531,56.84000015258789,56.38999938964844,56.279998779296875,56.369998931884766,56.040000915527344,56.11000061035156,55.84000015258789,55.5,53.34000015258789,53.56999969482422,53.47999954223633,52.709999084472656,53.20000076293945,53.880001068115234,53.7599983215332,54.38999938964844,53.650001525878906,53.45000076293945,53.06999969482422,53.45000076293945,53.91999816894531,53.869998931884766,53.65999984741211,53.849998474121094,53.77000045776367,54.15999984741211,53.939998626708984,53.77000045776367,53.31999969482422,52.93000030517578,52.20000076293945,53.0099983215332,52.400001525878906,51.369998931884766,51.560001373291016,51.56999969482422,52.130001068115234,52.189998626708984,52.75,53.0099983215332,53.290000915527344,53.130001068115234,53.0,52.0,52.59000015258789,52.22999954223633,53.16999816894531,53.279998779296875,48.040000915527344,47.7599983215332,48.27000045776367,47.79999923706055,48.08000183105469,48.36000061035156,47.93000030517578,47.849998474121094,48.04999923706055,48.380001068115234,48.470001220703125,48.04999923706055,47.93000030517578,47.70000076293945,48.2599983215332,48.380001068115234,49.38999938964844,49.33000183105469,49.689998626708984,49.439998626708984,49.869998931884766,50.2400016784668,50.18000030517578,49.79999923706055,49.70000076293945,50.09000015258789,50.279998779296875,50.439998626708984,50.47999954223633,50.52000045776367,50.5099983215332,50.5099983215332,50.08000183105469,50.09000015258789,50.459999084472656,49.90999984741211,50.2400016784668
BA,195.38999938964844,203.63999938964844,204.99000549316406,213.0,208.57000732421875,206.69000244140625,208.02999877929688,214.32000732421875,214.1300048828125,211.41000366210938,209.41000366210938,207.08999633789062,206.75999450683594,209.97000122070312,211.97999572753906,212.67999267578125,212.72999572753906,211.1699981689453,209.6699981689453,213.0,214.75,209.33999633789062,206.00999450683594,206.80999755859375,214.75999450683594,213.5,211.99000549316406,212.88999938964844,215.64999389648438,218.4499969482422,217.44000244140625,212.2100067138672,211.66000366210938,205.52000427246094,205.75999450683594,208.1300048828125,198.14999389648438,200.4600067138672,201.5500030517578,204.5500030517578,210.05999755859375,215.11000061035156,211.9199981689453,207.9199981689453,207.1999969482422,201.24000549316406,203.07000732421875,203.3699951171875,207.27999877929688,198.2100067138672,203.19000244140625,201.0500030517578,204.77000427246094,204.6999969482422,196.16000366210938,197.89999389648438,197.52999877929688,200.57000732421875,204.9600067138672,207.97000122070312,211.0399932861328,212.42999267578125,215.38999938964844,213.89999389648438,210.0,211.3699951171875,210.77999877929688,212.32000732421875,212.33999633789062,213.58999633789062,201.7100067138672,205.02999877929688,208.3699951171875,208.7100067138672,207.22999572753906,205.14999389648438,205.77000427246094,202.19000244140625,203.02999877929688,206.0399932861328,206.77999877929688,203.8699951171875,203.25,200.92999267578125,197.0500030517578,198.33999633789062,197.25999450683594,201.8800048828125,200.83999633789062,201.83999633789062,200.6999969482422,202.77000427246094,200.8699951171875,206.8699951171875,207.24000549316406,205.49000549316406,205.91000366210938,202.60000610351562,199.27000427246094,200.8699951171875,203.6300048828125,204.69000244140625,205.6999969482422,207.9600067138672,213.32000732421875,208.77999877929688,207.2899932861328,211.92999267578125,218.11000061035156,217.30999755859375,221.55999755859375,220.3800048828125,216.89999389648438,219.41000366210938,219.99000549316406,212.3699951171875,212.0800018310547,205.61000061035156,205.41000366210938,205.5800018310547,209.42999267578125,210.72000122070312,211.8300018310547,211.16000366210938,210.9199981689453,213.30999755859375,212.6199951171875,212.10000610351562,213.30999755859375,218.75999450683594,217.11000061035156,216.85000610351562,213.1199951171875,211.8699951171875,211.57000732421875,208.60000610351562,213.61000061035156,211.8000030517578,215.8699951171875,214.1199951171875,232.8000030517578,233.75,238.69000244140625,238.85000610351562,238.00999450683594,231.3800048828125,231.36000061035156,231.36000061035156,238.25,238.0399932861328,237.86000061035156,238.25999450683594,235.72000122070312,236.7100067138672,232.25999450683594,229.9499969482422,224.5399932861328,226.64999389648438,227.22000122070312,230.07000732421875,228.5800018310547,217.30999755859375,223.41000366210938,227.05999755859375,227.25,228.85000610351562,224.02999877929688,223.39999389648438,222.57000732421875,217.9499969482422,216.0500030517578,211.27000427246094,211.00999450683594,210.64999389648438,208.39999389648438,209.0500030517578,208.11000061035156,205.1199951171875,204.47999572753906,202.3699951171875,199.9499969482422,197.7100067138672,198.77999877929688,195.63999938964844,195.4600067138672,190.42999267578125,191.67999267578125,187.8300018310547,188.9199981689453,186.72999572753906,186.2899932861328,187.3800048828125,188.49000549316406,193.52999877929688,196.07000732421875,191.3000030517578,184.91000366210938,184.92999267578125,185.60000610351562,185.69000244140625,182.7899932861328,180.0399932861328,181.02999877929688,182.36000061035156,177.72999572753906,179.08999633789062,179.69000244140625,182.35000610351562,186.82000732421875,189.3800048828125,192.00999450683594,195.0500030517578,192.9499969482422,191.41000366210938,191.8300018310547,193.3300018310547,196.64999389648438,204.5399932861328,207.47000122070312,208.7100067138672,206.60000610351562,208.0399932861328,217.7100067138672,218.27000427246094,219.91000366210938,220.0,219.3000030517578,222.3699951171875,224.42999267578125,231.6300048828125,233.8699951171875,234.8699951171875,234.16000366210938,236.88999938964844,237.3300018310547,244.6999969482422,248.0800018310547,248.6300048828125,250.91000366210938,256.239990234375,264.2699890136719,260.4100036621094,263.510009765625,260.25,262.0199890136719,260.44000244140625,262.7900085449219,262.1000061035156,260.3500061035156,260.6600036621094,251.75999450683594,243.91000366210938,244.94000244140625,249.0,229.0,225.75999450683594,227.83999633789062
C,45.779998779296875,46.959999084472656,46.75,47.310001373291016,47.540000915527344,48.189998626708984,48.709999084472656,49.09000015258789,49.91999816894531,50.310001373291016,49.43000030517578,49.369998931884766,51.09000015258789,51.97999954223633,51.41999816894531,51.900001525878906,52.189998626708984,51.86000061035156,51.75,52.220001220703125,52.150001525878906,52.220001220703125,50.95000076293945,50.86000061035156,51.130001068115234,51.150001525878906,49.97999954223633,50.11000061035156,51.0,51.61000061035156,51.81999969482422,51.459999084472656,51.41999816894531,49.84000015258789,50.040000915527344,50.380001068115234,50.18000030517578,50.470001220703125,50.689998626708984,51.5,51.400001525878906,52.349998474121094,52.18000030517578,51.08000183105469,50.68000030517578,48.599998474121094,48.34000015258789,44.7400016784668,47.400001525878906,44.81999969482422,45.619998931884766,44.25,44.09000015258789,45.06999969482422,43.709999084472656,43.45000076293945,43.11000061035156,44.779998779296875,45.220001220703125,45.95000076293945,46.06999969482422,46.88999938964844,46.709999084472656,46.09000015258789,45.77000045776367,45.86000061035156,46.52000045776367,47.20000076293945,46.91999816894531,47.29999923706055,49.560001373291016,49.689998626708984,50.08000183105469,50.400001525878906,49.400001525878906,49.029998779296875,49.029998779296875,47.900001525878906,46.86000061035156,47.029998779296875,47.06999969482422,47.25,46.0,45.66999816894531,44.900001525878906,46.31999969482422,46.36000061035156,46.52000045776367,46.369998931884766,46.029998779296875,45.45000076293945,46.04999923706055,45.279998779296875,47.08000183105469,46.38999938964844,45.709999084472656,45.790000915527344,45.90999984741211,44.4900016784668,44.22999954223633,44.599998474121094,44.70000076293945,44.31999969482422,44.84000015258789,46.31999969482422,46.2400016784668,47.220001220703125,48.0099983215332,48.099998474121094,48.29999923706055,48.45000076293945,48.689998626708984,48.2400016784668,48.560001373291016,48.189998626708984,47.61000061035156,47.40999984741211,46.630001068115234,46.02000045776367,46.2400016784668,46.400001525878906,46.22999954223633,46.290000915527344,46.040000915527344,46.7400016784668,46.79999923706055,45.380001068115234,45.7400016784668,45.66999816894531,46.529998779296875,47.380001068115234,47.68000030517578,45.75,46.2599983215332,47.02000045776367,47.52000045776367,47.40999984741211,47.04999923706055,47.65999984741211,47.09000015258789,47.4900016784668,47.880001068115234,47.40999984741211,47.65999984741211,47.06999969482422,46.310001373291016,46.209999084472656,45.709999084472656,45.83000183105469,45.15999984741211,44.439998626708984,44.34000015258789,44.56999969482422,44.099998474121094,43.209999084472656,42.63999938964844,42.459999084472656,42.25,42.06999969482422,41.02000045776367,41.08000183105469,41.08000183105469,41.2400016784668,41.31999969482422,41.720001220703125,41.369998931884766,41.290000915527344,41.59000015258789,41.36000061035156,41.369998931884766,40.72999954223633,40.59000015258789,40.59000015258789,41.68000030517578,42.369998931884766,43.13999938964844,42.709999084472656,42.63999938964844,42.68000030517578,42.29999923706055,41.709999084472656,40.91999816894531,41.02000045776367,40.220001220703125,40.459999084472656,41.20000076293945,41.130001068115234,40.5,39.86000061035156,39.810001373291016,39.880001068115234,40.56999969482422,40.7400016784668,41.439998626708984,41.529998779296875,41.529998779296875,41.43000030517578,40.95000076293945,41.20000076293945,40.470001220703125,40.060001373291016,39.68000030517578,38.88999938964844,38.93000030517578,38.61000061035156,39.34000015258789,38.2400016784668,38.93000030517578,39.4900016784668,39.599998474121094,41.349998474121094,42.2599983215332,42.040000915527344,41.959999084472656,41.81999969482422,41.5,42.08000183105469,42.70000076293945,44.36000061035156,44.880001068115234,44.66999816894531,45.36000061035156,45.2599983215332,45.09000015258789,45.02000045776367,45.22999954223633,45.08000183105469,44.86000061035156,45.75,46.099998474121094,47.22999954223633,47.369998931884766,46.70000076293945,47.86000061035156,48.5,48.88999938964844,48.150001525878906,48.060001373291016,49.34000015258789,50.2400016784668,49.83000183105469,49.65999984741211,50.93000030517578,50.06999969482422,50.599998474121094,50.86000061035156,51.34000015258789,51.459999084472656,51.52000045776367,51.439998626708984,53.040000915527344,53.63999938964844,53.77000045776367,54.33000183105469,54.0099983215332,53.47999954223633,53.02000045776367
CVX,173.99000549316406,172.13999938964844,175.24000549316406,176.55999755859375,175.17999267578125,176.0399932861328,175.1999969482422,177.0800018310547,177.55999755859375,180.49000549316406,177.22999572753906,179.0,180.89999389648438,180.66000366210938,180.8300018310547,179.0800018310547,187.7899932861328,179.4499969482422,174.1999969482422,174.02000427246094,171.36000061035156,169.00999450683594,169.4499969482422,169.63999938964844,174.08999633789062,170.0,168.44000244140625,171.97000122070312,171.00999450683594,172.32000732421875,169.00999450683594,166.57000732421875,162.85000610351562,161.0,160.35000610351562,161.92999267578125,162.41000366210938,162.82000732421875,160.77000427246094,162.0500030517578,162.55999755859375,164.9600067138672,166.1699981689453,164.02999877929688,162.99000549316406,160.50999450683594,159.6699981689453,158.7100067138672,160.75999450683594,153.8000030517578,154.2899932861328,152.33999633789062,154.5800018310547,159.30999755859375,156.07000732421875,154.52000427246094,156.05999755859375,157.64999389648438,159.49000549316406,160.86000061035156,162.38999938964844,163.16000366210938,169.9499969482422,169.0399932861328,169.8800048828125,167.64999389648438,168.2899932861328,169.22000122070312,169.82000732421875,172.08999633789062,172.44000244140625,170.9199981689453,170.52000427246094,170.67999267578125,169.85000610351562,169.1199951171875,171.47999572753906,168.99000549316406,165.97999572753906,166.9499969482422,168.5800018310547,167.24000549316406,160.0399932861328,156.8300018310547,156.22000122070312,160.2100067138672,159.5800018310547,159.1199951171875,157.08999633789062,156.22000122070312,156.6199951171875,157.1999969482422,153.50999450683594,155.7100067138672,154.00999450683594,155.22999572753906,152.44000244140625,156.85000610351562,157.27000427246094,154.55999755859375,154.0800018310547,153.1199951171875,150.6199951171875,152.16000366210938,156.25999450683594,155.50999450683594,155.7899932861328,159.8300018310547,159.24000549316406,158.86000061035156,157.3300018310547,158.50999450683594,157.08999633789062,158.27999877929688,157.25999450683594,153.67999267578125,154.8800048828125,152.63999938964844,151.35000610351562,154.00999450683594,153.52999877929688,154.9199981689453,156.24000549316406,157.35000610351562,157.2100067138672,156.30999755859375,152.8800048828125,154.22000122070312,155.25,158.1199951171875,159.63999938964844,157.50999450683594,153.5800018310547,153.44000244140625,153.75,154.69000244140625,156.39999389648438,158.69000244140625,161.82000732421875,162.55999755859375,161.33999633789062,159.66000366210938,158.8699951171875,163.66000366210938,162.3000030517578,159.72999572753906,159.6699981689453,159.30999755859375,159.88999938964844,159.64999389648438,159.86000061035156,160.8300018310547,164.14999389648438,164.02999877929688,159.24000549316406,158.6300048828125,159.75,160.89999389648438,160.36000061035156,159.0399932861328,159.25,157.94000244140625,159.1199951171875,160.2100067138672,159.9600067138672,160.17999267578125,161.10000610351562,164.3000030517578,166.4600067138672,166.6300048828125,166.63999938964844,167.2100067138672,163.75999450683594,166.80999755859375,166.1999969482422,167.22999572753906,166.5,167.22000122070312,167.1999969482422,166.69000244140625,165.19000244140625,166.27999877929688,168.7100067138672,167.8000030517578,171.0399932861328,170.58999633789062,168.6199951171875,166.5399932861328,166.92999267578125,163.0399932861328,163.89999389648438,162.22999572753906,166.72000122070312,166.5399932861328,161.10000610351562,161.22999572753906,164.05999755859375,165.39999389648438,167.58999633789062,168.9199981689453,169.10000610351562,166.8300018310547,160.67999267578125,156.64999389648438,155.8699951171875,154.75,144.35000610351562,146.08999633789062,145.72999572753906,143.97999572753906,148.75999450683594,147.61000061035156,147.0,144.41000366210938,142.39999389648438,141.94000244140625,142.9499969482422,144.0,145.0500030517578,145.55999755859375,141.77000427246094,144.4600067138672,144.3800048828125,144.0399932861328,144.3300018310547,144.89999389648438,144.36000061035156,145.50999450683594,143.91000366210938,143.60000610351562,144.80999755859375,144.8699951171875,142.86000061035156,142.52999877929688,142.4199981689453,144.30999755859375,144.35000610351562,142.5,144.61000061035156,149.92999267578125,149.35000610351562,149.67999267578125,151.63999938964844,150.25,150.7100067138672,151.0500030517578,152.41000366210938,151.91000366210938,149.77000427246094,149.16000366210938,149.47999572753906,152.3300018310547,150.66000366210938,150.39999389648438,149.5,145.6999969482422,144.5
PEP,179.41000366210938,178.97000122070312,177.10000610351562,181.10000610351562,179.3300018310547,177.85000610351562,178.0500030517578,175.77999877929688,175.24000549316406,176.05999755859375,171.6199951171875,169.6300048828125,169.8800048828125,169.1199951171875,170.69000244140625,171.92999267578125,170.22000122070312,169.6199951171875,169.47999572753906,171.02000427246094,171.55999755859375,169.97000122070312,169.1199951171875,171.82000732421875,171.55999755859375,171.16000366210938,172.77999877929688,176.1999969482422,177.77000427246094,175.77000427246094,176.00999450683594,175.50999450683594,176.27999877929688,176.17999267578125,176.1199951171875,176.30999755859375,175.9600067138672,175.91000366210938,173.52999877929688,171.3300018310547,173.32000732421875,173.14999389648438,173.5,172.63999938964844,173.11000061035156,171.8000030517578,172.02999877929688,173.7100067138672,173.52999877929688,176.6300048828125,176.50999450683594,175.1300048828125,177.58999633789062,178.00999450683594,176.50999450683594,175.64999389648438,179.08999633789062,179.49000549316406,179.42999267578125,180.6699981689453,180.8300018310547,182.3000030517578,182.5,181.85000610351562,183.63999938964844,184.36000061035156,183.1999969482422,182.9199981689453,182.55999755859375,184.3800048828125,183.50999450683594,184.4499969482422,184.8300018310547,184.72000122070312,185.3300018310547,185.41000366210938,185.5,189.7100067138672,188.5399932861328,189.69000244140625,190.88999938964844,191.67999267578125,192.25,192.17999267578125,193.3800048828125,194.27000427246094,193.35000610351562,194.13999938964844,194.27000427246094,195.33999633789062,196.1199951171875,194.27000427246094,193.42999267578125,192.05999755859375,191.55999755859375,191.83999633789062,186.63999938964844,186.07000732421875,184.88999938964844,183.8000030517578,183.5800018310547,181.61000061035156,182.35000610351562,182.19000244140625,184.05999755859375,184.19000244140625,181.55999755859375,180.11000061035156,182.10000610351562,182.35000610351562,181.89999389648438,181.5399932861328,183.1699981689453,185.7100067138672,186.0399932861328,185.30999755859375,185.42999267578125,187.35000610351562,186.07000732421875,184.88999938964844,186.22000122070312,183.6999969482422,183.8800048828125,185.22000122070312,185.60000610351562,186.5800018310547,186.60000610351562,183.0800018310547,184.3000030517578,183.97999572753906,183.1699981689453,187.52999877929688,188.2100067138672,185.6300048828125,184.4499969482422,186.25999450683594,189.3000030517578,190.16000366210938,190.9199981689453,191.36000061035156,191.60000610351562,188.52999877929688,190.30999755859375,187.4600067138672,186.82000732421875,188.30999755859375,187.1199951171875,184.60000610351562,186.88999938964844,184.44000244140625,183.97999572753906,183.75,184.0399932861328,183.6199951171875,181.35000610351562,181.2100067138672,178.4499969482422,178.17999267578125,177.0500030517578,175.6999969482422,178.1199951171875,177.17999267578125,179.4199981689453,180.25,180.92999267578125,181.0800018310547,177.9199981689453,175.32000732421875,174.16000366210938,174.72999572753906,176.39999389648438,176.27000427246094,178.92999267578125,178.27000427246094,179.67999267578125,181.22999572753906,179.83999633789062,179.3800048828125,178.32000732421875,178.3800048828125,175.3800048828125,175.27000427246094,174.3300018310547,172.52000427246094,169.57000732421875,169.5,169.44000244140625,169.1699981689453,167.6999969482422,168.91000366210938,160.10000610351562,160.2899932861328,161.36000061035156,164.39999389648438,162.6199951171875,158.0800018310547,160.0,161.0800018310547,160.3699951171875,162.02999877929688,160.55999755859375,160.0,160.0800018310547,162.19000244140625,162.35000610351562,161.41000366210938,159.6199951171875,162.27999877929688,163.27999877929688,164.8699951171875,166.8300018310547,166.7899932861328,166.6999969482422,167.17999267578125,167.38999938964844,166.16000366210938,166.9199981689453,167.77000427246094,168.11000061035156,167.25,167.7100067138672,166.75999450683594,166.52000427246094,167.8000030517578,169.22000122070312,169.3699951171875,168.32000732421875,168.86000061035156,167.16000366210938,168.2899932861328,168.69000244140625,169.13999938964844,167.94000244140625,167.50999450683594,167.4600067138672,165.67999267578125,167.82000732421875,168.47000122070312,172.00999450683594,168.25,167.0,168.91000366210938,167.9499969482422,165.69000244140625,166.97000122070312,167.67999267578125,168.86000061035156,169.39999389648438,169.38999938964844,169.83999633789062,172.91000366210938,172.9499969482422,171.47000122070312,168.94000244140625,169.11000061035156,167.1699981689453,166.9199981689453
KO,62.95000076293945,62.91999816894531,62.20000076293945,63.400001525878906,62.61000061035156,62.130001068115234,62.0099983215332,61.209999084472656,61.43000030517578,61.68000030517578,59.810001373291016,59.720001220703125,60.08000183105469,60.22999954223633,60.54999923706055,60.93000030517578,60.810001373291016,60.4900016784668,60.63999938964844,61.31999969482422,61.33000183105469,60.279998779296875,59.83000183105469,60.16999816894531,60.06999969482422,59.720001220703125,59.619998931884766,59.619998931884766,60.599998474121094,59.59000015258789,59.59000015258789,59.220001220703125,60.119998931884766,59.79999923706055,59.97999954223633,60.09000015258789,59.84000015258789,59.81999969482422,59.5099983215332,58.86000061035156,59.720001220703125,59.439998626708984,60.36000061035156,60.0099983215332,60.040000915527344,59.459999084472656,59.209999084472656,59.810001373291016,60.029998779296875,60.43000030517578,60.29999923706055,60.02000045776367,60.599998474121094,60.31999969482422,60.04999923706055,59.91999816894531,60.900001525878906,61.349998474121094,61.41999816894531,61.86000061035156,61.849998474121094,62.029998779296875,62.400001525878906,62.209999084472656,62.79999923706055,62.84000015258789,62.689998626708984,62.58000183105469,62.689998626708984,63.150001525878906,63.04999923706055,63.459999084472656,63.560001373291016,63.68000030517578,63.959999084472656,64.05000305175781,63.95000076293945,63.849998474121094,63.54999923706055,63.68000030517578,64.1500015258789,64.30000305175781,64.01000213623047,63.650001525878906,63.720001220703125,64.0199966430664,63.91999816894531,63.38999938964844,63.5,63.86000061035156,64.11000061035156,63.939998626708984,63.220001220703125,63.150001525878906,62.79999923706055,62.83000183105469,61.5099983215332,61.400001525878906,60.880001068115234,60.40999984741211,60.2599983215332,59.779998779296875,59.65999984741211,60.0,61.15999984741211,60.75,60.310001373291016,60.220001220703125,60.369998931884766,60.470001220703125,60.209999084472656,60.45000076293945,60.86000061035156,61.22999954223633,61.66999816894531,61.2599983215332,61.43000030517578,61.849998474121094,61.20000076293945,61.220001220703125,61.09000015258789,60.52000045776367,60.02000045776367,60.220001220703125,60.58000183105469,61.029998779296875,60.560001373291016,59.7599983215332,59.310001373291016,59.52000045776367,59.84000015258789,60.349998474121094,60.900001525878906,60.810001373291016,60.56999969482422,61.63999938964844,62.38999938964844,62.439998626708984,62.459999084472656,62.25,63.04999923706055,62.439998626708984,62.47999954223633,61.93000030517578,61.77000045776367,61.959999084472656,61.63999938964844,60.709999084472656,61.189998626708984,60.91999816894531,61.060001373291016,60.91999816894531,61.16999816894531,60.880001068115234,60.470001220703125,60.47999954223633,60.61000061035156,60.95000076293945,60.43000030517578,60.060001373291016,60.27000045776367,60.11000061035156,60.38999938964844,60.560001373291016,60.5,60.470001220703125,59.83000183105469,59.310001373291016,58.81999969482422,58.779998779296875,58.33000183105469,58.33000183105469,58.880001068115234,58.29999923706055,58.439998626708984,58.459999084472656,57.939998626708984,58.29999923706055,58.18000030517578,58.439998626708984,57.540000915527344,57.599998474121094,57.0,56.529998779296875,55.95000076293945,55.810001373291016,55.97999954223633,55.47999954223633,54.880001068115234,55.040000915527344,52.380001068115234,53.13999938964844,52.880001068115234,54.029998779296875,53.709999084472656,52.810001373291016,52.88999938964844,53.43000030517578,54.06999969482422,54.04999923706055,54.349998474121094,54.56999969482422,54.08000183105469,55.63999938964844,56.119998931884766,55.779998779296875,55.2400016784668,56.150001525878906,56.4900016784668,56.439998626708984,57.09000015258789,56.7400016784668,56.970001220703125,57.18000030517578,57.09000015258789,56.65999984741211,56.720001220703125,56.93000030517578,57.099998474121094,57.209999084472656,57.150001525878906,57.2599983215332,57.400001525878906,58.029998779296875,58.41999816894531,58.56999969482422,58.459999084472656,58.58000183105469,58.22999954223633,58.439998626708984,58.63999938964844,58.56999969482422,58.65999984741211,58.599998474121094,58.7400016784668,58.61000061035156,59.040000915527344,59.41999816894531,59.93000030517578,59.040000915527344,58.599998474121094,59.02000045776367,58.83000183105469,57.61000061035156,57.9900016784668,58.31999969482422,58.560001373291016,58.709999084472656,58.75,58.93000030517578,59.81999969482422,59.959999084472656,59.7599983215332,59.66999816894531,60.11000061035156,60.0,60.20000076293945
INTC,26.729999542236328,27.68000030517578,27.559999465942383,28.729999542236328,29.309999465942383,29.440000534057617,29.850000381469727,30.290000915527344,30.110000610351562,29.600000381469727,28.809999465942383,28.420000076293945,29.219999313354492,30.270000457763672,29.920000076293945,29.700000762939453,30.09000015258789,28.15999984741211,27.950000762939453,28.260000228881836,29.06999969482422,30.190000534057617,30.31999969482422,28.690000534057617,29.049999237060547,28.239999771118164,27.729999542236328,27.799999237060547,28.549999237060547,28.639999389648438,28.850000381469727,28.200000762939453,27.610000610351562,26.059999465942383,25.469999313354492,25.610000610351562,25.139999389648438,24.899999618530273,24.93000030517578,25.329999923706055,26.200000762939453,26.399999618530273,25.989999771118164,25.530000686645508,25.979999542236328,26.440000534057617,27.219999313354492,26.950000762939453,28.010000228881836,28.40999984741211,30.18000030517578,29.809999465942383,29.15999984741211,28.459999084472656,28.1299991607666,29.030000686645508,29.360000610351562,29.18000030517578,29.290000915527344,31.520000457763672,32.09000015258789,32.66999816894531,32.88999938964844,33.099998474121094,32.83000183105469,32.810001373291016,32.52000045776367,32.349998474121094,32.02000045776367,32.130001068115234,31.889999389648438,32.13999938964844,31.829999923706055,31.149999618530273,30.860000610351562,30.299999237060547,29.65999984741211,28.8799991607666,29.049999237060547,29.860000610351562,31.059999465942383,30.299999237060547,29.770000457763672,30.649999618530273,31.239999771118164,30.989999771118164,30.770000457763672,30.100000381469727,29.969999313354492,28.860000610351562,28.950000762939453,29.799999237060547,29.219999313354492,28.8700008392334,29.68000030517578,29.93000030517578,30.280000686645508,29.510000228881836,29.0,27.399999618530273,29.0,29.989999771118164,31.440000534057617,31.1299991607666,31.309999465942383,29.860000610351562,30.959999084472656,31.280000686645508,31.81999969482422,31.34000015258789,33.06999969482422,33.90999984741211,35.58000183105469,35.81999969482422,36.369998931884766,35.0,32.900001525878906,32.709999084472656,33.0,33.34000015258789,34.099998474121094,33.56999969482422,32.90999984741211,33.439998626708984,33.619998931884766,32.5099983215332,31.969999313354492,31.850000381469727,32.7400016784668,33.29999923706055,33.97999954223633,33.869998931884766,33.150001525878906,34.369998931884766,34.5,34.459999084472656,33.369998931884766,34.02000045776367,33.630001068115234,34.099998474121094,34.36000061035156,34.54999923706055,36.83000183105469,35.77000045776367,35.79999923706055,34.38999938964844,34.869998931884766,35.13999938964844,35.22999954223633,35.02000045776367,34.279998779296875,34.68000030517578,34.88999938964844,35.68000030517578,34.77000045776367,33.529998779296875,32.58000183105469,32.75,33.13999938964844,32.88999938964844,33.97999954223633,32.59000015258789,33.25,33.619998931884766,34.310001373291016,34.529998779296875,35.13999938964844,36.61000061035156,36.709999084472656,36.97999954223633,38.18000030517578,38.0099983215332,38.59000015258789,38.86000061035156,38.709999084472656,38.66999816894531,37.880001068115234,37.9900016784668,36.34000015258789,34.689998626708984,34.650001525878906,34.18000030517578,34.290000915527344,33.83000183105469,34.61000061035156,35.18000030517578,35.54999923706055,35.459999084472656,35.689998626708984,35.93000030517578,35.88999938964844,36.189998626708984,36.060001373291016,36.43000030517578,36.880001068115234,36.84000015258789,35.970001220703125,36.560001373291016,36.060001373291016,35.63999938964844,35.66999816894531,34.91999816894531,33.849998474121094,34.59000015258789,32.83000183105469,32.52000045776367,35.540000915527344,35.689998626708984,36.5,37.290000915527344,37.70000076293945,38.13999938964844,37.95000076293945,38.77000045776367,37.91999816894531,37.79999923706055,38.86000061035156,38.22999954223633,39.40999984741211,40.61000061035156,43.349998474121094,43.810001373291016,44.7400016784668,43.63999938964844,43.66999816894531,43.959999084472656,44.08000183105469,44.22999954223633,44.939998626708984,44.70000076293945,43.7400016784668,42.349998474121094,41.91999816894531,41.27000045776367,42.150001525878906,42.70000076293945,44.540000915527344,44.040000915527344,44.56999969482422,45.18000030517578,46.15999984741211,45.689998626708984,46.65999984741211,45.7599983215332,47.08000183105469,48.0,50.5,50.7599983215332,50.38999938964844,50.25,47.79999923706055,47.04999923706055,46.869998931884766,46.88999938964844,48.45000076293945,48.04999923706055,47.470001220703125
MCD,264.3299865722656,264.3900146484375,262.1600036621094,269.4700012207031,267.25,268.9100036621094,268.80999755859375,266.69000244140625,268.8900146484375,274.1099853515625,266.0400085449219,263.5799865722656,268.5799865722656,269.2900085449219,269.55999755859375,273.0,274.7200012207031,272.4599914550781,270.8900146484375,267.3999938964844,266.2699890136719,263.2099914550781,264.2300109863281,267.9200134277344,267.3399963378906,262.82000732421875,260.6600036621094,262.4200134277344,266.20001220703125,266.6099853515625,266.55999755859375,265.8299865722656,269.989990234375,268.54998779296875,268.6400146484375,266.7799987792969,263.67999267578125,264.7799987792969,263.9100036621094,262.7200012207031,267.57000732421875,269.07000732421875,270.6400146484375,267.1300048828125,265.3299865722656,261.6300048828125,262.0299987792969,263.0799865722656,265.8999938964844,266.3399963378906,270.57000732421875,267.20001220703125,270.739990234375,270.2099914550781,267.8699951171875,269.6199951171875,271.3299865722656,273.8399963378906,275.8500061035156,277.44000244140625,277.7900085449219,279.6099853515625,282.1400146484375,282.2799987792969,282.0199890136719,282.8900146484375,283.7799987792969,284.4800109863281,285.29998779296875,289.07000732421875,288.9800109863281,289.30999755859375,290.9100036621094,291.2699890136719,291.0,292.05999755859375,293.20001220703125,291.510009765625,289.760009765625,294.7200012207031,295.75,297.5799865722656,298.07000732421875,295.2200012207031,295.1600036621094,296.6000061035156,296.69000244140625,296.6600036621094,296.57000732421875,294.7900085449219,296.1400146484375,295.8999938964844,294.1499938964844,293.4599914550781,294.04998779296875,295.54998779296875,289.3500061035156,286.3699951171875,285.9200134277344,285.5199890136719,286.0400085449219,284.9200134277344,285.1099853515625,287.8699951171875,289.9100036621094,288.42999267578125,284.5400085449219,281.8999938964844,285.7799987792969,286.7900085449219,288.57000732421875,288.54998779296875,288.44000244140625,292.6099853515625,293.70001220703125,293.0400085449219,294.5199890136719,293.29998779296875,289.9100036621094,289.0899963378906,291.29998779296875,291.739990234375,294.4700012207031,298.4100036621094,294.8399963378906,296.8999938964844,294.9200134277344,292.1000061035156,294.489990234375,294.739990234375,295.6099853515625,295.2200012207031,294.94000244140625,294.67999267578125,293.82000732421875,294.1300048828125,297.1300048828125,295.6099853515625,295.30999755859375,292.3599853515625,291.75,295.19000244140625,294.0299987792969,293.20001220703125,291.07000732421875,289.6199951171875,291.0199890136719,287.0199890136719,291.3999938964844,289.5799865722656,288.2300109863281,287.6000061035156,288.6199951171875,288.80999755859375,288.29998779296875,285.3999938964844,281.8599853515625,281.739990234375,280.0400085449219,280.30999755859375,281.8699951171875,282.3500061035156,284.5799865722656,283.67999267578125,283.5899963378906,284.239990234375,281.1499938964844,280.94000244140625,279.1600036621094,275.44000244140625,278.3299865722656,279.2200012207031,279.760009765625,280.7099914550781,281.7699890136719,284.760009765625,278.2300109863281,277.7200012207031,278.1300048828125,277.20001220703125,271.2200012207031,272.2200012207031,269.7799987792969,267.7200012207031,263.6400146484375,265.5899963378906,263.44000244140625,257.75,254.49000549316406,255.80999755859375,252.22999572753906,248.22000122070312,249.9199981689453,251.52000427246094,250.9199981689453,246.19000244140625,248.30999755859375,249.94000244140625,251.13999938964844,256.0299987792969,258.3800048828125,258.1099853515625,254.75,257.2699890136719,258.0299987792969,255.8300018310547,255.75999450683594,260.1499938964844,262.1700134277344,261.9700012207031,266.8500061035156,267.8699951171875,268.9100036621094,268.6700134277344,267.489990234375,266.9100036621094,267.7900085449219,269.20001220703125,271.489990234375,270.3900146484375,276.1199951171875,275.75,279.0299987792969,280.4700012207031,281.92999267578125,282.5400085449219,281.8399963378906,282.0899963378906,280.3800048828125,281.8399963378906,285.9599914550781,286.1300048828125,286.5400085449219,286.8599853515625,286.7900085449219,285.5299987792969,289.1499938964844,291.4200134277344,295.92999267578125,290.0199890136719,287.2699890136719,290.2300109863281,290.7300109863281,288.989990234375,291.3900146484375,291.70001220703125,292.8599853515625,294.54998779296875,295.8399963378906,296.510009765625,297.0400085449219,294.3900146484375,291.739990234375,288.989990234375,291.8999938964844,290.8699951171875,294.0899963378906
DIS,88.97000122070312,91.9800033569336,91.91999816894531,93.91999816894531,94.7699966430664,95.55999755859375,96.33000183105469,99.80999755859375,99.4000015258789,99.91000366210938,99.04000091552734,99.08000183105469,103.4800033569336,105.69000244140625,106.0,108.12000274658203,109.69999694824219,109.54000091552734,107.58999633789062,108.48999786376953,109.38999938964844,113.20999908447266,110.70999908447266,109.87000274658203,111.62999725341797,111.77999877929688,110.36000061035156,108.05999755859375,107.66000366210938,107.66000366210938,109.23999786376953,105.83000183105469,105.22000122070312,102.08999633789062,101.68000030517578,101.7300033569336,100.30000305175781,100.44999694824219,99.61000061035156,98.54000091552734,98.91999816894531,101.13999938964844,100.66000366210938,99.05999755859375,99.30000305175781,96.13999938964844,93.56999969482422,92.5999984741211,93.36000061035156,93.0999984741211,94.29000091552734,93.19999694824219,94.22000122070312,96.54000091552734,94.9000015258789,95.83000183105469,94.08000183105469,95.62000274658203,94.81999969482422,96.87000274658203,98.0999984741211,100.12999725341797,99.76000213623047,99.56999969482422,99.91000366210938,99.97000122070312,100.80999755859375,100.41999816894531,97.94000244140625,100.83999633789062,99.9000015258789,100.30000305175781,100.93000030517578,98.75,98.06999969482422,99.56999969482422,99.68000030517578,98.01000213623047,96.61000061035156,99.93000030517578,102.5,102.20999908447266,100.5999984741211,100.86000061035156,97.44999694824219,100.5199966430664,102.97000122070312,102.18000030517578,101.13999938964844,92.30999755859375,91.98999786376953,92.86000061035156,90.9800033569336,92.7699966430664,93.76000213623047,91.3499984741211,91.81999969482422,89.81999969482422,89.06999969482422,88.13999938964844,88.29000091552734,87.81999969482422,87.95999908447266,88.58999633789062,90.7699966430664,91.0,92.16000366210938,92.5199966430664,92.52999877929688,91.93000030517578,93.13999938964844,93.8499984741211,92.44999694824219,92.94000244140625,91.31999969482422,89.75,88.63999938964844,88.48999786376953,88.0999984741211,88.69999694824219,89.05999755859375,88.83000183105469,88.94999694824219,89.27999877929688,90.5,89.79000091552734,88.73999786376953,88.63999938964844,88.0999984741211,89.48999786376953,90.1500015258789,90.47000122070312,88.62000274658203,85.55999755859375,85.94999694824219,87.04000091552734,86.20999908447266,87.18000030517578,86.5999984741211,85.62999725341797,85.86000061035156,85.36000061035156,86.12999725341797,88.88999938964844,89.02999877929688,86.30000305175781,85.48999786376953,86.30000305175781,86.83000183105469,88.12999725341797,87.48999786376953,91.76000213623047,89.0199966430664,88.80999755859375,87.05999755859375,86.3499984741211,85.91999816894531,85.95999908447266,85.87999725341797,85.79000091552734,85.83000183105469,82.47000122070312,83.36000061035156,84.16000366210938,84.4000015258789,84.27999877929688,83.68000030517578,81.63999938964844,81.19000244140625,80.9800033569336,80.56999969482422,81.58000183105469,82.5199966430664,83.68000030517578,83.4800033569336,84.4800033569336,85.58000183105469,85.0199966430664,81.94000244140625,82.55999755859375,82.7300033569336,81.25,81.01000213623047,80.05000305175781,79.9000015258789,80.12999725341797,81.05000305175781,81.66999816894531,79.54000091552734,79.31999969482422,80.80999755859375,82.94000244140625,84.69999694824219,84.98999786376953,84.8499984741211,84.3499984741211,84.3499984741211,85.70999908447266,86.19999694824219,84.68000030517578,83.25,82.6500015258789,83.0999984741211,82.55999755859375,80.58999633789062,79.77999877929688,79.33000183105469,80.68000030517578,81.58999633789062,81.06999969482422,83.29000091552734,85.06999969482422,84.0199966430664,84.58999633789062,84.5,90.33999633789062,88.2699966430664,89.44000244140625,91.06999969482422,93.93000030517578,94.51000213623047,94.1500015258789,95.02999877929688,94.44999694824219,95.06999969482422,96.05999755859375,95.16999816894531,92.5,92.5,92.69000244140625,92.58000183105469,92.01000213623047,90.79000091552734,91.5,92.3499984741211,92.81999969482422,92.19999694824219,91.06999969482422,92.83000183105469,93.94000244140625,93.45999908447266,92.86000061035156,93.93000030517578,91.2699966430664,92.0199966430664,91.0199966430664,90.94999694824219,90.37999725341797,90.4000015258789,90.29000091552734,90.70999908447266,91.6500015258789,90.55999755859375,90.9000015258789,91.55000305175781,89.66999816894531,89.29000091552734
HD,315.9100036621094,319.7300109863281,315.4700012207031,317.5299987792969,317.80999755859375,320.6300048828125,329.0,329.8699951171875,331.2099914550781,327.5299987792969,323.69000244140625,310.8800048828125,315.0,315.4800109863281,317.69000244140625,317.260009765625,313.80999755859375,316.69000244140625,314.239990234375,324.1700134277344,328.0899963378906,339.7900085449219,331.5,329.2699890136719,325.20001220703125,320.7900085449219,315.54998779296875,316.5400085449219,323.5299987792969,318.42999267578125,320.69000244140625,321.239990234375,317.95001220703125,295.5,296.29998779296875,299.30999755859375,296.6600036621094,296.010009765625,296.5400085449219,290.7900085449219,293.0199890136719,298.45001220703125,298.2099914550781,290.70001220703125,291.489990234375,288.0,286.30999755859375,286.5199890136719,285.57000732421875,287.9700012207031,286.7300109863281,288.3900146484375,289.260009765625,289.42999267578125,282.6099853515625,283.9100036621094,283.0199890136719,281.2699890136719,280.82000732421875,283.3599853515625,285.3599853515625,295.1199951171875,297.7300109863281,294.9599914550781,288.6700134277344,288.6099853515625,291.1700134277344,293.7699890136719,290.44000244140625,292.1499938964844,292.19000244140625,295.3999938964844,298.95001220703125,296.9100036621094,298.57000732421875,300.0400085449219,301.6400146484375,296.3299865722656,288.07000732421875,293.92999267578125,300.5400085449219,297.70001220703125,294.2799987792969,293.0799865722656,285.75,289.6199951171875,287.92999267578125,290.5799865722656,289.0299987792969,287.69000244140625,290.4700012207031,288.5400085449219,282.3299865722656,292.3900146484375,295.1600036621094,290.8800048828125,290.6600036621094,294.94000244140625,291.1000061035156,286.75,292.8299865722656,292.3999938964844,283.45001220703125,288.3900146484375,295.94000244140625,293.1000061035156,296.0,301.70001220703125,301.0899963378906,297.3500061035156,300.8599853515625,300.0799865722656,299.7099914550781,302.0199890136719,300.3800048828125,301.4100036621094,300.70001220703125,301.17999267578125,300.80999755859375,307.8900146484375,313.739990234375,306.510009765625,307.82000732421875,310.6400146484375,310.0199890136719,310.79998779296875,302.0199890136719,302.80999755859375,310.2799987792969,313.6600036621094,317.5199890136719,314.6000061035156,316.5,316.04998779296875,316.760009765625,319.4800109863281,319.0899963378906,320.4700012207031,325.1099853515625,325.1300048828125,329.5899963378906,329.7099914550781,331.3699951171875,333.8399963378906,332.07000732421875,328.5,329.8500061035156,326.42999267578125,329.1700134277344,327.80999755859375,328.2099914550781,329.3999938964844,331.1099853515625,329.95001220703125,332.1400146484375,333.0299987792969,327.2799987792969,327.3699951171875,324.05999755859375,324.4800109863281,326.0899963378906,322.5899963378906,322.8599853515625,325.9100036621094,329.3800048828125,330.6300048828125,330.29998779296875,333.0799865722656,327.7799987792969,326.0,328.4200134277344,328.7099914550781,328.3699951171875,326.2799987792969,325.8800048828125,329.6300048828125,321.3999938964844,317.260009765625,314.6099853515625,310.8599853515625,306.760009765625,305.7300109863281,306.489990234375,302.5400085449219,301.82000732421875,303.489990234375,302.1600036621094,299.8299865722656,291.94000244140625,292.3900146484375,291.70001220703125,292.82000732421875,295.3599853515625,299.2200012207031,298.04998779296875,293.0199890136719,291.9200134277344,297.3299865722656,295.94000244140625,290.239990234375,286.7699890136719,286.4100036621094,285.07000732421875,283.30999755859375,280.92999267578125,278.0,276.4599914550781,281.4800109863281,284.69000244140625,286.6300048828125,294.5299987792969,295.6099853515625,294.57000732421875,294.7699890136719,295.9200134277344,287.8699951171875,291.5899963378906,288.07000732421875,303.6300048828125,308.19000244140625,306.44000244140625,307.2699890136719,308.19000244140625,305.3399963378906,309.20001220703125,310.70001220703125,310.9200134277344,313.3399963378906,311.0199890136719,313.489990234375,319.6199951171875,324.0199890136719,323.5,326.1099853515625,326.1700134277344,326.4700012207031,331.3299865722656,333.20001220703125,343.3999938964844,351.80999755859375,354.0,350.80999755859375,352.07000732421875,348.6600036621094,348.9700012207031,348.5899963378906,349.30999755859375,348.5299987792969,347.3599853515625,346.54998779296875,345.0799865722656,338.260009765625,338.5899963378906,342.94000244140625,347.92999267578125,346.19000244140625,356.79998779296875
IBM,141.5500030517578,142.60000610351562,141.11000061035156,143.6999969482422,143.5500030517578,144.8000030517578,145.25999450683594,145.5500030517578,145.88999938964844,145.19000244140625,140.41000366210938,140.6199951171875,141.1999969482422,141.86000061035156,141.49000549316406,140.75999450683594,134.4499969482422,134.38999938964844,135.3000030517578,134.72999572753906,135.08999633789062,136.38999938964844,136.94000244140625,136.17999267578125,135.83999633789062,135.97999572753906,133.75,135.60000610351562,137.35000610351562,136.00999450683594,136.39999389648438,135.0,135.02000427246094,131.7100067138672,130.97000122070312,130.7899932861328,130.57000732421875,130.49000549316406,129.3000030517578,128.19000244140625,128.92999267578125,129.63999938964844,130.19000244140625,128.25,128.0500030517578,126.16000366210938,125.44999694824219,125.58000183105469,124.6500015258789,123.27999877929688,124.69999694824219,123.69000244140625,125.94000244140625,126.56999969482422,124.05000305175781,123.37000274658203,125.29000091552734,129.30999755859375,129.33999633789062,129.7100067138672,129.22000122070312,131.08999633789062,132.05999755859375,131.60000610351562,132.13999938964844,130.5,131.02999877929688,130.4199981689453,128.5399932861328,127.9000015258789,128.13999938964844,127.81999969482422,127.77999877929688,126.31999969482422,126.36000061035156,125.7300033569336,125.4000015258789,125.88999938964844,125.8499984741211,126.97000122070312,126.41000366210938,126.08999633789062,125.16000366210938,123.44999694824219,122.56999969482422,123.6500015258789,123.4000015258789,121.16999816894531,122.0199966430664,120.9000015258789,122.83999633789062,123.36000061035156,123.45999908447266,125.70999908447266,126.1500015258789,127.26000213623047,127.5,128.17999267578125,125.68000030517578,126.76000213623047,128.88999938964844,129.47999572753906,128.58999633789062,129.82000732421875,132.4199981689453,132.63999938964844,132.69000244140625,134.3800048828125,134.41000366210938,135.3000030517578,136.4199981689453,137.60000610351562,137.1999969482422,138.39999389648438,137.47999572753906,135.9600067138672,133.69000244140625,131.1699981689453,129.42999267578125,131.33999633789062,132.33999633789062,131.75999450683594,134.05999755859375,133.80999755859375,133.6699981689453,134.24000549316406,132.16000366210938,132.0800018310547,132.89999389648438,134.44000244140625,132.83999633789062,133.9199981689453,133.39999389648438,134.24000549316406,135.36000061035156,135.47999572753906,138.3800048828125,138.94000244140625,139.5399932861328,140.3300018310547,141.07000732421875,142.97000122070312,143.4499969482422,144.17999267578125,143.3300018310547,144.1699981689453,144.4499969482422,144.24000549316406,146.17999267578125,145.91000366210938,142.49000549316406,143.25,143.1199951171875,141.91000366210938,141.8699951171875,140.63999938964844,140.66000366210938,141.41000366210938,142.27999877929688,141.49000549316406,143.41000366210938,143.5500030517578,145.35000610351562,146.02000427246094,146.4499969482422,146.86000061035156,146.8300018310547,147.94000244140625,148.1300048828125,148.05999755859375,147.52000427246094,147.67999267578125,148.3800048828125,146.3000030517578,146.5500030517578,147.35000610351562,145.99000549316406,145.08999633789062,146.52000427246094,149.8300018310547,147.3800048828125,146.91000366210938,146.47999572753906,143.24000549316406,143.1699981689453,141.5800018310547,140.3000030517578,140.8000030517578,140.38999938964844,141.07000732421875,141.52000427246094,142.02999877929688,142.1999969482422,142.11000061035156,143.22999572753906,141.24000549316406,138.4600067138672,139.2100067138672,140.32000732421875,139.97000122070312,138.00999450683594,137.16000366210938,136.3800048828125,137.7899932861328,137.0800018310547,143.75999450683594,142.52000427246094,142.6300048828125,144.63999938964844,145.39999389648438,147.00999450683594,147.89999389648438,148.97000122070312,148.8300018310547,148.02999877929688,146.6199951171875,149.02000427246094,148.10000610351562,150.41000366210938,152.5800018310547,153.05999755859375,152.88999938964844,154.35000610351562,153.91000366210938,155.1300048828125,155.17999267578125,155.57000732421875,155.64999389648438,156.41000366210938,158.55999755859375,160.5500030517578,161.10000610351562,161.38999938964844,160.27999877929688,160.22000122070312,161.9600067138672,163.50999450683594,164.7100067138672,163.6199951171875,162.91000366210938,162.22999572753906,162.74000549316406,161.55999755859375,160.0500030517578,160.77999877929688,162.13999938964844,163.2100067138672,163.4600067138672,163.75,163.5500030517578,161.5,160.10000610351562,160.86000061035156,159.16000366210938,161.13999938964844,160.0800018310547,161.22999572753906
AXP,147.1199951171875,150.5399932861328,146.42999267578125,150.1699981689453,150.39999389648438,152.0,153.9199981689453,154.9199981689453,155.75999450683594,153.75,150.4199981689453,146.85000610351562,151.60000610351562,154.0,155.3300018310547,156.77000427246094,155.8800048828125,172.30999755859375,172.66000366210938,174.92999267578125,173.61000061035156,173.1300048828125,178.86000061035156,176.47999572753906,178.6999969482422,179.0,179.3699951171875,179.25,181.3300018310547,181.02000427246094,180.6699981689453,177.94000244140625,177.3000030517578,173.47999572753906,174.6999969482422,175.13999938964844,174.25,173.3000030517578,173.99000549316406,175.91000366210938,175.33999633789062,179.08999633789062,179.05999755859375,175.32000732421875,174.8300018310547,172.1199951171875,165.6999969482422,157.6300048828125,163.91000366210938,159.80999755859375,160.72999572753906,156.52000427246094,158.74000549316406,164.55999755859375,162.75,162.75999450683594,159.77999877929688,163.1199951171875,159.2100067138672,163.58999633789062,162.41000366210938,164.9499969482422,163.77999877929688,162.55999755859375,161.0800018310547,158.8300018310547,161.13999938964844,161.8300018310547,159.2899932861328,162.3000030517578,163.22000122070312,163.7100067138672,164.39999389648438,164.9499969482422,163.27999877929688,163.77999877929688,160.58999633789062,156.1199951171875,155.72000122070312,158.4499969482422,161.33999633789062,159.32000732421875,153.25,152.2100067138672,148.80999755859375,152.64999389648438,153.0399932861328,153.3800048828125,148.67999267578125,147.99000549316406,147.92999267578125,150.0,148.41000366210938,152.08999633789062,153.47999572753906,152.9499969482422,155.50999450683594,152.55999755859375,150.72000122070312,151.0800018310547,157.24000549316406,158.00999450683594,158.55999755859375,162.72000122070312,168.55999755859375,167.42999267578125,171.82000732421875,171.5500030517578,171.13999938964844,171.72000122070312,173.63999938964844,175.13999938964844,174.47000122070312,173.80999755859375,172.2100067138672,169.41000366210938,167.9199981689453,168.25999450683594,168.07000732421875,167.11000061035156,168.19000244140625,169.77999877929688,172.0800018310547,174.1999969482422,175.44000244140625,175.57000732421875,170.94000244140625,169.8000030517578,171.7100067138672,174.63999938964844,174.3300018310547,174.24000549316406,173.38999938964844,175.38999938964844,178.0399932861328,177.1199951171875,177.11000061035156,170.22000122070312,167.7899932861328,166.5,167.75,163.60000610351562,165.42999267578125,168.8800048828125,169.64999389648438,166.75,166.41000366210938,165.41000366210938,166.9600067138672,165.8699951171875,163.82000732421875,163.5399932861328,165.27000427246094,166.0800018310547,161.91000366210938,160.75999450683594,160.5800018310547,160.22999572753906,160.8800048828125,159.0800018310547,159.44000244140625,157.7899932861328,158.32000732421875,159.19000244140625,160.24000549316406,160.1699981689453,157.99000549316406,159.6199951171875,160.0,158.0,156.77999877929688,157.42999267578125,157.8300018310547,158.5,159.13999938964844,161.77999877929688,163.75,159.6300048828125,159.35000610351562,157.22999572753906,154.7100067138672,153.0800018310547,153.22999572753906,151.1199951171875,149.89999389648438,150.22999572753906,149.19000244140625,149.47999572753906,145.0500030517578,146.6300048828125,147.08999633789062,149.32000732421875,148.82000732421875,150.92999267578125,151.50999450683594,151.27999877929688,151.10000610351562,152.7899932861328,154.38999938964844,151.52999877929688,149.6199951171875,141.57000732421875,144.58999633789062,144.4199981689453,143.52000427246094,143.33999633789062,141.30999755859375,143.27000427246094,146.02999877929688,146.4499969482422,150.85000610351562,152.75999450683594,152.99000549316406,152.97999572753906,153.00999450683594,152.3699951171875,154.3800048828125,154.33999633789062,156.91000366210938,159.42999267578125,159.0500030517578,162.55999755859375,163.85000610351562,162.2899932861328,163.7899932861328,164.4199981689453,164.0399932861328,165.66000366210938,167.42999267578125,170.77000427246094,173.75999450683594,173.25,170.67999267578125,167.50999450683594,168.6199951171875,168.42999267578125,168.38999938964844,171.0399932861328,174.55999755859375,178.86000061035156,180.50999450683594,182.75999450683594,185.75,180.64999389648438,184.7899932861328,185.57000732421875,185.9600067138672,187.05999755859375,187.8000030517578,187.33999633789062,188.30999755859375,186.32000732421875,187.13999938964844,189.05999755859375,189.2100067138672,186.77000427246094,184.97000122070312
MMM,122.47000122070312,125.1500015258789,122.95999908447266,126.72000122070312,126.79000091552734,128.1300048828125,129.1199951171875,129.35000610351562,129.50999450683594,126.5999984741211,122.75,118.43000030517578,120.6500015258789,122.62000274658203,115.0,112.93000030517578,113.55000305175781,115.25,112.58000183105469,115.08000183105469,115.86000061035156,120.29000091552734,117.48999786376953,116.5,116.9000015258789,115.25,112.93000030517578,113.87999725341797,115.27999877929688,114.20999908447266,114.79000091552734,112.0,112.98999786376953,109.25,108.94000244140625,108.91000366210938,107.80000305175781,108.2699966430664,107.73999786376953,110.20999908447266,109.9000015258789,111.26000213623047,109.93000030517578,107.08999633789062,107.16000366210938,105.5199966430664,104.05999755859375,103.5,102.77999877929688,102.77999877929688,104.20999908447266,103.0199966430664,104.30999755859375,104.29000091552734,101.54000091552734,101.0,101.13999938964844,101.48999786376953,101.73999786376953,103.19000244140625,102.77999877929688,105.11000061035156,104.56999969482422,102.25,102.29000091552734,101.55999755859375,102.76000213623047,104.55999755859375,104.37000274658203,106.1500015258789,105.7699966430664,106.77999877929688,106.2699966430664,106.08000183105469,104.7300033569336,104.4800033569336,105.05999755859375,104.37000274658203,102.91999816894531,105.33000183105469,106.22000122070312,105.8499984741211,102.9800033569336,102.83000183105469,101.83999633789062,103.3499984741211,102.33999633789062,100.80000305175781,100.9000015258789,100.77999877929688,100.2699966430664,100.48999786376953,98.01000213623047,100.18000030517578,99.63999938964844,99.02999877929688,101.70999908447266,100.69999694824219,96.98999786376953,97.05000305175781,96.94000244140625,96.05999755859375,93.30999755859375,94.27999877929688,102.52999877929688,97.9800033569336,98.29000091552734,101.0,100.76000213623047,99.9000015258789,101.26000213623047,102.73999786376953,101.94999694824219,103.80999755859375,104.54000091552734,102.30000305175781,101.47000122070312,100.43000030517578,100.72000122070312,100.41000366210938,98.26000213623047,98.56999969482422,99.23999786376953,100.08999633789062,101.13999938964844,98.62999725341797,96.30999755859375,97.29000091552734,97.19000244140625,101.91999816894531,101.56999969482422,102.86000061035156,102.30000305175781,101.69999694824219,103.01000213623047,103.4800033569336,104.29000091552734,104.33000183105469,104.2699966430664,109.83000183105469,112.63999938964844,111.19000244140625,111.87999725341797,111.5,110.55999755859375,108.91000366210938,107.19000244140625,105.51000213623047,105.2300033569336,104.12000274658203,103.70999908447266,103.9000015258789,104.55000305175781,103.41999816894531,101.13999938964844,100.79000091552734,101.80000305175781,100.01000213623047,99.19000244140625,98.51000213623047,99.6500015258789,98.5,98.94999694824219,104.12000274658203,105.56999969482422,104.44999694824219,106.66999816894531,106.94999694824219,106.8499984741211,106.37000274658203,105.94999694824219,106.23999786376953,107.88999938964844,107.16000366210938,101.05000305175781,102.31999969482422,101.05999755859375,101.04000091552734,100.2300033569336,98.98999786376953,97.48999786376953,97.04000091552734,94.79000091552734,93.87999725341797,93.45999908447266,93.26000213623047,93.62000274658203,90.22000122070312,88.79000091552734,88.0199966430664,87.83000183105469,88.4000015258789,89.05000305175781,90.63999938964844,90.38999938964844,89.0199966430664,88.68000030517578,89.94000244140625,90.55000305175781,88.4000015258789,87.05999755859375,86.55000305175781,85.5999984741211,90.12000274658203,89.38999938964844,88.6500015258789,87.5199966430664,89.5199966430664,90.94999694824219,90.55999755859375,92.30999755859375,93.86000061035156,93.5199966430664,93.1500015258789,92.31999969482422,91.69999694824219,92.80999755859375,92.69000244140625,94.97000122070312,96.81999969482422,95.70999908447266,95.33999633789062,94.9800033569336,93.98999786376953,95.37000274658203,95.94999694824219,97.06999969482422,98.51000213623047,98.47000122070312,99.06999969482422,99.8499984741211,103.44000244140625,101.69000244140625,102.79000091552734,103.27999877929688,103.37000274658203,103.16000366210938,102.55999755859375,104.19000244140625,107.04000091552734,106.9800033569336,105.87000274658203,106.25,103.66999816894531,105.55999755859375,106.33000183105469,108.11000061035156,108.73999786376953,109.69000244140625,109.31999969482422,110.0,107.79000091552734,108.16999816894531,108.58999633789062,108.86000061035156,109.0999984741211,108.30000305175781
CAT,238.8800048828125,241.36000061035156,240.27999877929688,248.86000061035156,246.6199951171875,250.50999450683594,250.72999572753906,255.07000732421875,258.4599914550781,256.260009765625,252.82000732421875,245.75,249.7100067138672,252.6999969482422,257.6099853515625,258.44000244140625,262.1199951171875,264.5400085449219,261.5,252.2899932861328,249.5399932861328,244.89999389648438,247.75999450683594,251.4199981689453,249.66000366210938,248.8699951171875,246.27999877929688,247.6699981689453,248.14999389648438,244.36000061035156,248.6999969482422,246.52000427246094,247.7899932861328,240.7100067138672,237.88999938964844,237.9499969482422,236.1699981689453,239.97999572753906,239.5500030517578,248.6699981689453,252.17999267578125,255.30999755859375,253.97999572753906,246.13999938964844,248.72000122070312,240.9600067138672,227.00999450683594,224.6999969482422,225.6699981689453,217.25999450683594,218.7100067138672,215.00999450683594,220.30999755859375,224.9199981689453,219.9499969482422,219.44000244140625,217.00999450683594,218.0,220.16000366210938,223.0,224.5399932861328,228.83999633789062,229.8699951171875,217.4499969482422,213.52999877929688,209.1699981689453,215.52999877929688,220.60000610351562,220.5,221.6699981689453,223.67999267578125,225.24000549316406,225.1999969482422,224.64999389648438,222.27000427246094,220.27000427246094,223.42999267578125,218.6300048828125,216.19000244140625,214.3300018310547,218.8000030517578,217.27000427246094,215.14999389648438,215.63999938964844,210.3800048828125,215.08999633789062,214.7899932861328,213.49000549316406,213.1699981689453,210.02999877929688,209.5399932861328,211.2899932861328,207.1999969482422,212.10000610351562,214.72000122070312,214.77999877929688,214.25999450683594,212.7100067138672,209.6999969482422,209.97999572753906,211.8000030517578,209.89999389648438,205.75,209.07000732421875,226.6300048828125,222.47000122070312,226.67999267578125,235.5500030517578,234.4499969482422,235.02999877929688,237.89999389648438,245.44000244140625,243.32000732421875,247.6699981689453,245.27000427246094,241.14999389648438,241.47999572753906,237.33999633789062,234.44000244140625,236.9499969482422,240.69000244140625,241.8699951171875,244.24000549316406,246.0500030517578,247.3300018310547,244.8300018310547,240.5800018310547,245.17999267578125,248.80999755859375,252.85000610351562,253.60000610351562,255.86000061035156,255.6199951171875,257.4599914550781,263.80999755859375,262.75,261.0899963378906,257.6499938964844,259.3699951171875,262.05999755859375,258.32000732421875,258.29998779296875,260.42999267578125,265.1700134277344,288.6499938964844,287.57000732421875,281.45001220703125,276.44000244140625,281.6499938964844,282.8900146484375,284.5299987792969,283.82000732421875,285.2200012207031,284.5400085449219,277.3699951171875,274.510009765625,275.1700134277344,273.79998779296875,272.75,270.20001220703125,273.0299987792969,269.29998779296875,272.55999755859375,274.7900085449219,280.0299987792969,282.3299865722656,281.1300048828125,286.25,281.6300048828125,282.8999938964844,281.42999267578125,282.2799987792969,282.04998779296875,281.80999755859375,275.9200134277344,282.55999755859375,279.1499938964844,280.94000244140625,279.6700134277344,278.6099853515625,272.0299987792969,273.05999755859375,274.2699890136719,269.5199890136719,272.7099914550781,276.239990234375,273.0,271.7200012207031,268.9700012207031,265.0299987792969,260.79998779296875,266.0400085449219,271.29998779296875,273.2099914550781,272.8299865722656,269.6099853515625,267.94000244140625,270.7900085449219,272.6499938964844,259.2200012207031,252.88999938964844,249.1999969482422,247.32000732421875,249.5500030517578,244.94000244140625,242.42999267578125,238.55999755859375,242.16000366210938,226.0500030517578,231.8300018310547,239.1199951171875,240.75,238.27999877929688,234.9199981689453,234.82000732421875,234.14999389648438,239.67999267578125,241.6699981689453,247.86000061035156,251.08999633789062,248.2100067138672,253.07000732421875,250.4499969482422,249.41000366210938,246.00999450683594,247.36000061035156,247.38999938964844,247.5,249.4499969482422,250.72000122070312,256.760009765625,254.75,255.19000244140625,255.97000122070312,257.4100036621094,259.5,260.9200134277344,261.42999267578125,267.9700012207031,285.1700134277344,285.739990234375,285.7099914550781,292.9599914550781,289.7099914550781,290.07000732421875,290.3599853515625,295.6300048828125,298.1199951171875,296.8800048828125,295.6700134277344,292.7099914550781,284.29998779296875,286.1000061035156,288.92999267578125,292.25,292.2900085449219,293.3500061035156
UNH,518.6400146484375,504.5,489.9599914550781,490.0,490.05999755859375,486.0,493.3999938964844,495.6700134277344,489.57000732421875,485.0799865722656,476.239990234375,484.3599853515625,486.7200012207031,485.80999755859375,491.6000061035156,492.5,492.4800109863281,486.04998779296875,485.7900085449219,499.19000244140625,497.0,470.8299865722656,472.0199890136719,475.239990234375,476.8800048828125,483.2200012207031,485.7300109863281,494.25,495.3500061035156,492.8299865722656,491.25,487.3500061035156,499.0799865722656,491.30999755859375,488.8900146484375,491.69000244140625,484.3299865722656,483.32000732421875,475.94000244140625,475.2200012207031,477.70001220703125,478.55999755859375,480.7799987792969,473.8800048828125,470.6000061035156,464.9100036621094,460.3299865722656,463.67999267578125,464.5799865722656,465.42999267578125,472.0199890136719,469.5,476.9599914550781,480.1000061035156,475.5199890136719,469.9100036621094,475.989990234375,481.8999938964844,472.5799865722656,466.5899963378906,470.05999755859375,472.5899963378906,494.19000244140625,493.25,509.2300109863281,512.8099975585938,515.1799926757812,520.969970703125,521.1900024414062,526.22998046875,511.7900085449219,505.3500061035156,504.4800109863281,486.20001220703125,487.4599914550781,483.82000732421875,488.94000244140625,491.9200134277344,482.95001220703125,490.4700012207031,492.0899963378906,495.70001220703125,493.3900146484375,489.44000244140625,487.2799987792969,494.2799987792969,492.6199951171875,490.3800048828125,490.07000732421875,488.760009765625,491.2300109863281,486.8599853515625,479.7200012207031,484.80999755859375,479.2300109863281,478.82000732421875,480.6199951171875,479.44000244140625,480.8299865722656,477.70001220703125,481.5199890136719,479.8500061035156,487.239990234375,493.6300048828125,499.5799865722656,498.19000244140625,487.57000732421875,482.1300048828125,490.2300109863281,493.6199951171875,492.5899963378906,491.30999755859375,459.8599853515625,465.8900146484375,458.489990234375,469.3900146484375,476.75,479.04998779296875,477.0,479.05999755859375,482.55999755859375,474.45001220703125,476.44000244140625,480.6400146484375,477.8800048828125,471.2200012207031,469.3599853515625,461.5799865722656,463.04998779296875,462.8900146484375,451.70001220703125,447.75,480.1700134277344,484.0799865722656,500.0,503.70001220703125,504.239990234375,506.5299987792969,508.67999267578125,510.92999267578125,508.0,505.2300109863281,502.9100036621094,506.3699951171875,504.739990234375,504.79998779296875,504.8599853515625,502.7300109863281,510.739990234375,505.8599853515625,502.1099853515625,503.4800109863281,508.010009765625,510.92999267578125,506.69000244140625,503.55999755859375,493.9599914550781,498.44000244140625,497.67999267578125,492.3399963378906,489.44000244140625,488.1000061035156,489.1199951171875,491.2799987792969,492.8299865722656,491.5299987792969,476.5799865722656,476.239990234375,480.80999755859375,476.94000244140625,484.80999755859375,480.7699890136719,479.3800048828125,479.8999938964844,479.8399963378906,483.6000061035156,486.70001220703125,486.05999755859375,480.6600036621094,492.1300048828125,501.1400146484375,506.1000061035156,510.2799987792969,505.45001220703125,503.7300109863281,510.1000061035156,504.19000244140625,514.5700073242188,509.4700012207031,510.6199951171875,516.22998046875,524.8099975585938,526.510009765625,524.239990234375,524.1300048828125,525.5399780273438,539.4000244140625,538.030029296875,536.6500244140625,536.0599975585938,531.6300048828125,527.030029296875,521.5700073242188,525.0,530.2100219726562,528.3599853515625,524.6599731445312,529.989990234375,535.5599975585938,531.5999755859375,536.1300048828125,530.9000244140625,533.4600219726562,537.8300170898438,536.72998046875,539.0,541.2100219726562,542.5700073242188,540.4600219726562,538.4099731445312,539.8200073242188,536.2899780273438,535.0999755859375,539.5900268554688,543.760009765625,547.0999755859375,543.5900268554688,540.530029296875,534.97998046875,552.969970703125,547.1599731445312,548.280029296875,550.260009765625,549.530029296875,548.27001953125,549.77001953125,543.6799926757812,545.719970703125,549.010009765625,534.239990234375,531.1199951171875,526.5499877929688,524.0399780273438,515.9299926757812,519.8800048828125,520.3099975585938,520.030029296875,522.7899780273438,524.9000244140625,526.469970703125,539.3400268554688,542.030029296875,545.4199829101562,537.3800048828125,536.52001953125,538.3699951171875,537.6400146484375
MRK,111.13999938964844,112.08000183105469,113.63999938964844,114.83999633789062,110.37999725341797,110.80999755859375,111.06999969482422,111.7699966430664,112.25,110.44999694824219,108.79000091552734,109.9000015258789,109.94000244140625,109.87999725341797,108.5199966430664,108.58999633789062,106.87000274658203,105.37999725341797,106.08999633789062,107.41000366210938,106.9800033569336,103.45999908447266,102.94000244140625,104.02999877929688,105.68000030517578,106.63999938964844,106.72000122070312,108.56999969482422,109.55000305175781,108.73999786376953,107.68000030517578,106.51000213623047,109.5199966430664,109.06999969482422,109.16000366210938,110.58999633789062,109.88999938964844,109.36000061035156,106.23999786376953,106.6500015258789,107.01000213623047,106.87999725341797,111.0999984741211,111.2699966430664,108.27999877929688,107.5999984741211,107.69000244140625,105.7300033569336,106.97000122070312,107.62999725341797,107.33999633789062,104.0999984741211,105.8499984741211,105.54000091552734,104.4000015258789,104.2300033569336,104.80000305175781,106.93000030517578,105.52999877929688,104.91999816894531,105.91999816894531,106.38999938964844,108.87000274658203,108.83000183105469,111.91000366210938,112.33000183105469,112.61000061035156,112.48999786376953,113.75,115.58000183105469,115.30999755859375,115.01000213623047,114.83000183105469,114.12999725341797,114.16999816894531,115.37000274658203,115.94000244140625,116.52999877929688,113.43000030517578,115.16000366210938,115.47000122070312,116.33999633789062,117.88999938964844,118.22000122070312,117.37000274658203,117.68000030517578,118.37999725341797,117.43000030517578,117.9000015258789,117.55000305175781,117.13999938964844,116.37000274658203,116.08000183105469,114.76000213623047,114.0,115.48999786376953,114.48999786376953,113.2699966430664,113.5999984741211,112.30000305175781,111.06999969482422,109.16999816894531,110.41000366210938,110.93000030517578,112.5199966430664,113.11000061035156,110.01000213623047,108.61000061035156,110.31999969482422,110.70999908447266,109.86000061035156,109.98999786376953,108.66000366210938,109.4000015258789,109.31999969482422,110.2300033569336,111.16000366210938,113.72000122070312,114.5999984741211,113.08000183105469,113.31999969482422,112.44000244140625,113.54000091552734,115.38999938964844,114.33000183105469,113.69999694824219,111.75,109.0,109.95999908447266,108.69999694824219,107.47000122070312,106.31999969482422,107.33999633789062,105.56999969482422,105.94999694824219,105.94999694824219,108.45999908447266,110.38999938964844,108.79000091552734,107.52999877929688,107.13999938964844,105.2699966430664,106.33999633789062,106.6500015258789,105.27999877929688,105.69999694824219,105.7300033569336,105.0,106.08999633789062,106.41000366210938,106.0999984741211,105.56999969482422,107.44000244140625,108.91000366210938,108.66000366210938,108.7300033569336,108.91999816894531,109.19999694824219,109.63999938964844,107.2300033569336,111.30000305175781,109.44999694824219,110.20999908447266,108.93000030517578,109.98999786376953,110.20999908447266,108.9800033569336,109.83999633789062,107.51000213623047,106.48999786376953,107.94000244140625,109.05000305175781,108.5999984741211,109.0199966430664,107.80999755859375,108.23999786376953,107.5199966430664,107.81999969482422,107.36000061035156,107.30999755859375,106.7300033569336,106.33999633789062,105.83999633789062,105.38999938964844,103.94000244140625,104.30000305175781,102.94999694824219,102.55000305175781,101.7699966430664,102.16999816894531,103.5999984741211,103.87999725341797,104.5,103.61000061035156,103.45999908447266,103.58999633789062,104.01000213623047,104.13999938964844,104.16999816894531,101.98999786376953,100.43000030517578,102.66999816894531,103.3499984741211,103.02999877929688,103.62999725341797,105.55000305175781,102.81999969482422,102.68000030517578,102.69999694824219,102.8499984741211,102.8499984741211,103.37999725341797,104.33999633789062,104.0,104.4000015258789,102.37999725341797,101.38999938964844,102.47000122070312,102.16999816894531,101.3499984741211,101.98999786376953,101.75,102.68000030517578,102.20999908447266,101.68000030517578,101.87000274658203,101.43000030517578,100.18000030517578,101.12999725341797,102.4800033569336,103.45999908447266,105.05999755859375,106.2300033569336,105.62999725341797,103.87999725341797,103.75,104.37000274658203,104.36000061035156,107.11000061035156,105.87999725341797,105.11000061035156,106.04000091552734,106.48999786376953,105.36000061035156,106.38999938964844,107.69999694824219,107.62999725341797,107.9800033569336,108.7699966430664,109.0199966430664,113.23999786376953,114.7699966430664,117.01000213623047,117.22000122070312,117.37999725341797,118.43000030517578,118.86000061035156
NKE,118.75,121.20999908447266,120.62000274658203,124.52999877929688,124.8499984741211,125.83999633789062,127.94000244140625,127.88999938964844,128.85000610351562,128.13999938964844,126.43000030517578,124.52999877929688,126.62000274658203,128.2899932861328,126.83000183105469,126.81999969482422,127.52999877929688,127.52999877929688,126.37000274658203,127.33000183105469,129.5,129.05999755859375,127.61000061035156,125.7300033569336,125.33000183105469,122.91000366210938,122.18000030517578,122.2300033569336,125.1500015258789,126.19999694824219,127.4800033569336,124.37999725341797,124.83999633789062,121.0999984741211,119.9000015258789,119.95999908447266,118.04000091552734,118.52999877929688,118.79000091552734,118.58000183105469,119.58000183105469,120.94000244140625,120.16999816894531,119.58999633789062,119.86000061035156,117.87000274658203,117.48999786376953,116.86000061035156,119.0,118.16999816894531,120.6500015258789,120.38999938964844,121.19999694824219,125.61000061035156,119.5,120.97000122070312,120.70999908447266,117.80999755859375,117.87000274658203,120.48999786376953,120.0999984741211,122.63999938964844,121.66999816894531,123.69000244140625,120.9000015258789,120.22000122070312,121.91000366210938,123.30000305175781,123.66000366210938,126.43000030517578,125.94999694824219,126.19000244140625,126.20999908447266,125.66999816894531,124.44999694824219,125.52999877929688,127.08999633789062,124.66000366210938,123.83999633789062,125.69999694824219,126.72000122070312,127.91999816894531,127.26000213623047,126.73999786376953,123.66999816894531,126.58999633789062,126.87999725341797,125.0999984741211,123.51000213623047,122.22000122070312,120.20999908447266,119.83000183105469,116.4800033569336,116.9800033569336,118.87000274658203,114.76000213623047,110.18000030517578,108.77999877929688,108.29000091552734,107.4800033569336,107.51000213623047,106.5199966430664,105.26000213623047,103.62999725341797,107.77999877929688,105.19999694824219,106.19000244140625,107.08999633789062,106.19999694824219,105.86000061035156,106.83000183105469,106.77999877929688,112.86000061035156,112.41000366210938,113.58999633789062,109.54000091552734,109.9800033569336,110.45999908447266,109.5199966430664,111.73999786376953,113.61000061035156,113.02999877929688,113.37000274658203,110.37000274658203,109.11000061035156,107.0999984741211,105.0999984741211,104.45999908447266,105.77999877929688,107.38999938964844,107.76000213623047,107.83999633789062,107.94999694824219,108.70999908447266,109.72000122070312,109.87999725341797,107.52999877929688,109.05999755859375,108.7699966430664,108.30000305175781,109.30000305175781,107.66999816894531,108.62000274658203,110.38999938964844,109.4000015258789,107.51000213623047,108.63999938964844,108.80999755859375,110.4800033569336,109.69000244140625,109.69000244140625,109.02999877929688,108.08999633789062,107.63999938964844,106.55000305175781,106.52999877929688,105.05000305175781,104.80999755859375,102.86000061035156,101.45999908447266,98.75,97.62999725341797,98.83999633789062,99.62999725341797,101.7699966430664,102.0999984741211,101.70999908447266,102.36000061035156,100.31999969482422,100.18000030517578,97.93000030517578,97.66999816894531,96.79000091552734,96.30000305175781,96.12999725341797,97.19000244140625,96.26000213623047,95.51000213623047,94.62000274658203,94.04000091552734,91.58999633789062,90.8499984741211,90.5999984741211,90.16999816894531,89.41999816894531,89.62999725341797,95.62000274658203,94.55999755859375,95.08999633789062,95.88999938964844,95.79000091552734,97.11000061035156,96.87999725341797,97.62000274658203,98.6500015258789,99.25,99.91000366210938,102.04000091552734,103.01000213623047,103.7699966430664,103.05000305175781,102.66999816894531,102.80999755859375,105.18000030517578,103.54000091552734,100.0199966430664,97.9800033569336,101.80000305175781,102.7699966430664,100.87999725341797,105.08000183105469,107.05999755859375,107.25,109.36000061035156,109.38999938964844,107.0,106.11000061035156,104.19999694824219,105.75,107.81999969482422,107.61000061035156,105.95999908447266,106.31999969482422,106.55000305175781,107.91999816894531,107.63999938964844,107.95999908447266,108.75,110.37000274658203,110.2699966430664,113.4800033569336,115.1500015258789,115.41000366210938,116.11000061035156,114.80999755859375,115.91000366210938,118.61000061035156,119.63999938964844,121.16999816894531,121.0199966430664,121.55000305175781,121.13999938964844,122.63999938964844,121.43000030517578,122.52999877929688,108.04000091552734,108.0199966430664,107.12999725341797,108.81999969482422,108.56999969482422,106.55000305175781,104.04000091552734,102.30000305175781,102.08000183105469,103.62000274658203,102.73999786376953,103.7699966430664
VZ,40.119998931884766,41.130001068115234,41.70000076293945,42.189998626708984,41.369998931884766,41.95000076293945,41.18000030517578,41.810001373291016,41.86000061035156,40.849998474121094,39.970001220703125,40.060001373291016,40.0,39.630001068115234,40.41999816894531,40.33000183105469,40.27000045776367,40.63999938964844,41.04999923706055,41.56999969482422,41.689998626708984,41.83000183105469,41.5099983215332,41.279998779296875,40.54999923706055,40.52000045776367,39.810001373291016,40.0099983215332,40.31999969482422,40.33000183105469,40.380001068115234,39.84000015258789,40.220001220703125,39.20000076293945,39.279998779296875,38.529998779296875,38.7400016784668,38.880001068115234,38.810001373291016,38.29999923706055,38.40999984741211,38.2599983215332,38.150001525878906,37.90999984741211,37.529998779296875,36.54999923706055,36.68000030517578,36.540000915527344,36.880001068115234,37.060001373291016,36.58000183105469,36.790000915527344,37.43000030517578,37.7400016784668,37.310001373291016,37.369998931884766,37.65999984741211,38.04999923706055,38.0,38.47999954223633,38.65999984741211,38.88999938964844,39.220001220703125,39.650001525878906,40.11000061035156,39.47999954223633,39.349998474121094,39.45000076293945,39.20000076293945,39.31999969482422,39.220001220703125,39.459999084472656,38.939998626708984,38.599998474121094,37.189998626708984,37.31999969482422,37.099998474121094,37.29999923706055,36.91999816894531,38.790000915527344,38.83000183105469,38.709999084472656,37.66999816894531,37.97999954223633,37.349998474121094,37.83000183105469,37.83000183105469,37.56999969482422,37.630001068115234,37.599998474121094,37.59000015258789,36.77000045776367,36.04999923706055,36.18000030517578,36.130001068115234,36.04999923706055,35.959999084472656,36.2400016784668,35.869998931884766,34.81999969482422,35.0,34.900001525878906,35.630001068115234,35.720001220703125,34.58000183105469,34.459999084472656,34.70000076293945,35.2599983215332,35.43000030517578,35.470001220703125,35.61000061035156,35.47999954223633,35.72999954223633,36.439998626708984,36.459999084472656,35.810001373291016,35.83000183105469,35.849998474121094,35.5099983215332,36.11000061035156,36.54999923706055,36.81999969482422,36.9900016784668,37.189998626708984,37.279998779296875,37.47999954223633,37.130001068115234,35.900001525878906,35.13999938964844,34.9900016784668,34.86000061035156,34.63999938964844,34.0099983215332,31.459999084472656,32.27000045776367,33.970001220703125,33.63999938964844,33.880001068115234,33.97999954223633,34.2400016784668,34.34000015258789,33.54999923706055,34.029998779296875,34.08000183105469,33.43000030517578,33.31999969482422,33.060001373291016,32.619998931884766,32.529998779296875,32.56999969482422,32.709999084472656,33.02000045776367,33.36000061035156,33.560001373291016,33.2599983215332,33.27000045776367,33.060001373291016,33.18000030517578,33.0,33.20000076293945,33.189998626708984,33.380001068115234,33.349998474121094,33.54999923706055,34.689998626708984,34.63999938964844,34.97999954223633,34.86000061035156,34.29999923706055,34.18000030517578,33.810001373291016,33.45000076293945,33.939998626708984,34.040000915527344,33.86000061035156,34.040000915527344,33.790000915527344,33.529998779296875,33.400001525878906,33.599998474121094,33.290000915527344,33.279998779296875,33.15999984741211,32.9900016784668,32.400001525878906,32.54999923706055,32.40999984741211,31.760000228881836,31.979999542236328,31.540000915527344,31.81999969482422,30.850000381469727,31.450000762939453,31.760000228881836,31.459999084472656,30.90999984741211,30.670000076293945,31.25,31.510000228881836,31.049999237060547,31.579999923706055,31.56999969482422,31.389999389648438,34.29999923706055,33.689998626708984,34.470001220703125,33.439998626708984,34.619998931884766,35.130001068115234,35.400001525878906,35.900001525878906,36.02000045776367,35.63999938964844,35.939998626708984,35.77000045776367,35.619998931884766,35.709999084472656,35.81999969482422,35.880001068115234,36.0,36.18000030517578,36.22999954223633,36.72999954223633,37.25,37.349998474121094,37.40999984741211,37.349998474121094,37.470001220703125,37.7599983215332,38.33000183105469,38.58000183105469,38.040000915527344,38.41999816894531,38.5,38.650001525878906,38.25,37.66999816894531,37.29999923706055,36.9900016784668,37.869998931884766,37.369998931884766,37.66999816894531,37.56999969482422,37.29999923706055,37.43000030517578,37.4900016784668,37.47999954223633,37.310001373291016,37.4900016784668,37.70000076293945,38.880001068115234,39.15999984741211,39.369998931884766,40.20000076293945,40.099998474121094,39.040000915527344,39.08000183105469
PFE,51.2599983215332,50.130001068115234,49.65999984741211,50.91999816894531,48.38999938964844,47.619998931884766,47.45000076293945,47.709999084472656,47.849998474121094,46.08000183105469,45.0,44.959999084472656,45.11000061035156,44.97999954223633,44.709999084472656,45.06999969482422,44.25,43.790000915527344,43.54999923706055,44.15999984741211,43.970001220703125,44.34000015258789,44.060001373291016,43.7599983215332,43.59000015258789,43.97999954223633,43.34000015258789,43.880001068115234,43.9900016784668,43.720001220703125,43.31999969482422,42.95000076293945,43.209999084472656,42.70000076293945,42.380001068115234,42.29999923706055,41.75,40.779998779296875,40.56999969482422,40.18000030517578,40.619998931884766,41.150001525878906,41.11000061035156,40.34000015258789,40.119998931884766,39.459999084472656,39.38999938964844,39.86000061035156,39.900001525878906,40.279998779296875,40.369998931884766,40.099998474121094,40.810001373291016,40.65999984741211,40.0099983215332,40.18000030517578,40.38999938964844,40.220001220703125,39.9900016784668,40.25,40.380001068115234,40.79999923706055,41.349998474121094,40.900001525878906,41.54999923706055,41.5,41.72999954223633,41.790000915527344,41.369998931884766,41.470001220703125,41.189998626708984,41.18000030517578,40.54999923706055,40.2400016784668,39.849998474121094,40.209999084472656,39.90999984741211,39.33000183105469,38.630001068115234,38.7400016784668,38.88999938964844,39.209999084472656,39.060001373291016,38.45000076293945,38.22999954223633,38.4900016784668,38.66999816894531,38.47999954223633,38.29999923706055,37.58000183105469,37.349998474121094,37.15999984741211,37.0099983215332,36.75,36.47999954223633,36.77000045776367,38.75,39.63999938964844,38.630001068115234,37.83000183105469,37.599998474121094,37.0099983215332,38.02000045776367,38.02000045776367,38.36000061035156,38.650001525878906,38.369998931884766,38.88999938964844,39.09000015258789,38.970001220703125,39.900001525878906,40.279998779296875,39.36000061035156,39.75,40.060001373291016,39.34000015258789,38.900001525878906,38.72999954223633,38.29999923706055,36.88999938964844,36.41999816894531,36.290000915527344,36.119998931884766,36.68000030517578,36.650001525878906,36.459999084472656,35.630001068115234,35.529998779296875,35.68000030517578,36.02000045776367,35.9900016784668,36.060001373291016,36.31999969482422,35.86000061035156,36.2400016784668,36.439998626708984,36.77000045776367,37.400001525878906,37.5099983215332,37.060001373291016,37.209999084472656,36.20000076293945,36.06999969482422,36.060001373291016,35.61000061035156,35.349998474121094,35.0,35.02000045776367,35.68000030517578,35.63999938964844,35.84000015258789,35.720001220703125,36.040000915527344,36.06999969482422,35.38999938964844,35.47999954223633,36.5099983215332,36.65999984741211,37.0099983215332,36.84000015258789,36.65999984741211,36.15999984741211,36.380001068115234,36.209999084472656,36.150001525878906,35.900001525878906,35.380001068115234,35.779998779296875,35.380001068115234,34.369998931884766,34.279998779296875,34.25,33.939998626708984,34.150001525878906,34.08000183105469,34.150001525878906,34.06999969482422,33.63999938964844,33.9900016784668,33.619998931884766,32.849998474121094,32.689998626708984,32.97999954223633,32.400001525878906,32.099998474121094,32.09000015258789,33.16999816894531,33.939998626708984,33.900001525878906,33.310001373291016,33.470001220703125,33.130001068115234,33.20000076293945,33.16999816894531,33.11000061035156,32.91999816894531,32.11000061035156,33.27000045776367,32.75,31.40999984741211,31.190000534057617,30.649999618530273,30.84000015258789,30.43000030517578,30.729999542236328,31.15999984741211,30.110000610351562,30.549999237060547,30.559999465942383,30.510000228881836,30.5,31.260000228881836,31.18000030517578,31.25,30.81999969482422,29.68000030517578,29.479999542236328,28.979999542236328,29.260000228881836,30.190000534057617,29.770000457763672,29.920000076293945,29.979999542236328,30.299999237060547,30.31999969482422,30.5,30.139999389648438,29.690000534057617,30.079999923706055,30.469999313354492,28.90999984741211,29.280000686645508,29.09000015258789,28.790000915527344,28.6299991607666,28.780000686645508,28.639999389648438,28.579999923706055,26.65999984741211,26.1299991607666,26.6299991607666,27.059999465942383,28.15999984741211,27.6299991607666,28.309999465942383,28.399999618530273,28.40999984741211,28.610000610351562,28.790000915527344,28.790000915527344,29.729999542236328,29.729999542236328,29.09000015258789,29.469999313354492,29.579999923706055,29.399999618530273,28.989999771118164
RTX,100.80999755859375,100.83999633789062,100.87999725341797,102.45999908447266,99.5999984741211,99.91999816894531,99.58999633789062,100.68000030517578,98.68000030517578,98.43000030517578,95.73999786376953,94.23999786376953,94.36000061035156,96.25,99.47000122070312,100.01000213623047,100.25,99.5999984741211,98.70999908447266,99.8499984741211,98.41999816894531,96.95999908447266,96.4800033569336,97.63999938964844,97.87000274658203,97.6500015258789,97.8499984741211,100.61000061035156,100.55999755859375,101.37000274658203,101.45999908447266,100.97000122070312,101.51000213623047,100.6500015258789,100.51000213623047,99.63999938964844,99.62000274658203,99.16000366210938,98.08999633789062,98.04000091552734,99.0,99.0199966430664,99.51000213623047,98.18000030517578,97.4000015258789,95.93000030517578,96.0,97.45999908447266,98.31999969482422,95.83000183105469,98.08000183105469,95.75,97.52999877929688,98.01000213623047,96.69999694824219,96.0,96.44000244140625,96.91000366210938,96.80000305175781,97.69999694824219,97.37000274658203,97.93000030517578,100.58000183105469,99.51000213623047,98.76000213623047,98.20999908447266,99.62000274658203,99.72000122070312,101.5199966430664,101.68000030517578,101.68000030517578,103.11000061035156,104.66000366210938,104.08999633789062,102.83999633789062,102.25,102.45999908447266,101.08999633789062,97.68000030517578,99.38999938964844,99.9000015258789,100.33000183105469,98.87000274658203,97.16000366210938,95.91999816894531,96.58000183105469,95.54000091552734,96.2699966430664,96.30000305175781,95.54000091552734,95.98999786376953,96.69999694824219,95.45999908447266,96.56999969482422,96.12999725341797,96.12999725341797,95.66000366210938,94.08000183105469,93.66000366210938,93.12000274658203,93.26000213623047,92.81999969482422,92.13999938964844,94.08999633789062,96.08000183105469,95.75,97.44000244140625,98.58999633789062,99.08000183105469,99.33999633789062,99.41999816894531,99.69000244140625,96.86000061035156,98.0,97.73999786376953,97.69999694824219,99.06999969482422,96.91999816894531,96.91000366210938,96.55000305175781,96.52999877929688,95.87000274658203,97.80000305175781,97.95999908447266,98.38999938964844,98.23999786376953,98.05000305175781,97.41999816894531,97.4800033569336,98.02999877929688,96.81999969482422,97.16999816894531,96.16999816894531,96.31999969482422,95.76000213623047,95.56999969482422,97.16000366210938,96.38999938964844,97.01000213623047,87.0999984741211,86.30000305175781,85.16999816894531,87.33999633789062,87.93000030517578,87.97000122070312,85.45999908447266,84.66999816894531,84.55000305175781,85.47000122070312,86.20999908447266,87.7699966430664,86.22000122070312,86.83999633789062,86.44000244140625,85.66000366210938,85.13999938964844,85.1500015258789,85.80000305175781,85.5199966430664,85.33000183105469,86.04000091552734,85.1500015258789,84.69000244140625,85.73999786376953,85.3499984741211,86.43000030517578,86.04000091552734,86.27999877929688,85.05000305175781,83.51000213623047,84.33000183105469,83.4800033569336,76.9000015258789,75.55999755859375,75.55999755859375,75.5,75.80000305175781,75.18000030517578,75.08000183105469,74.43000030517578,72.63999938964844,71.58000183105469,72.05000305175781,72.26000213623047,72.87999725341797,72.0,71.97000122070312,71.33999633789062,70.58000183105469,70.12000274658203,69.37999725341797,69.7699966430664,72.98999786376953,73.3499984741211,73.30999755859375,73.30000305175781,73.25,73.9800033569336,73.88999938964844,74.23999786376953,73.88999938964844,72.55000305175781,73.12999725341797,78.37999725341797,78.41000366210938,79.1500015258789,79.16000366210938,78.56999969482422,81.38999938964844,82.1500015258789,82.77999877929688,82.72000122070312,82.4000015258789,82.66999816894531,83.19999694824219,82.43000030517578,82.22000122070312,82.02999877929688,80.69000244140625,80.62999725341797,80.2300033569336,79.68000030517578,79.16999816894531,78.1500015258789,79.81999969482422,79.9800033569336,79.47000122070312,80.19000244140625,80.94999694824219,81.4800033569336,82.31999969482422,83.12999725341797,82.69000244140625,82.70999908447266,81.5,81.31999969482422,81.88999938964844,81.04000091552734,83.22000122070312,81.86000061035156,80.27999877929688,80.69000244140625,82.62000274658203,81.63999938964844,82.01000213623047,83.2300033569336,84.05000305175781,84.16999816894531,84.16999816894531,84.13999938964844,85.22000122070312,85.61000061035156,85.41000366210938,85.37999725341797,85.83999633789062,85.80000305175781,86.08000183105469
ULST,39.9900016784668,39.9900016784668,40.02000045776367,40.029998779296875,40.04999923706055,40.06999969482422,40.060001373291016,40.099998474121094,40.09000015258789,40.130001068115234,40.130001068115234,40.150001525878906,40.150001525878906,40.16999816894531,40.16999816894531,40.20000076293945,40.18000030517578,40.20000076293945,40.209999084472656,40.220001220703125,40.099998474121094,40.09000015258789,40.099998474121094,40.099998474121094,40.099998474121094,40.119998931884766,40.13999938964844,40.11000061035156,40.130001068115234,40.119998931884766,40.130001068115234,40.150001525878906,40.13999938964844,40.150001525878906,40.16999816894531,40.18000030517578,40.16999816894531,40.189998626708984,40.16999816894531,40.04999923706055,40.04999923706055,40.06999969482422,40.08000183105469,40.04999923706055,40.06999969482422,40.08000183105469,40.13999938964844,40.150001525878906,40.20000076293945,40.20000076293945,40.16999816894531,40.209999084472656,40.16999816894531,40.18000030517578,40.220001220703125,40.2599983215332,40.27000045776367,40.22999954223633,40.20000076293945,40.22999954223633,40.220001220703125,40.25,40.13999938964844,40.16999816894531,40.209999084472656,40.18000030517578,40.18000030517578,40.189998626708984,40.189998626708984,40.209999084472656,40.220001220703125,40.20000076293945,40.20000076293945,40.20000076293945,40.20000076293945,40.22999954223633,40.2400016784668,40.25,40.29999923706055,40.290000915527344,40.279998779296875,40.15999984741211,40.15999984741211,40.18000030517578,40.2400016784668,40.220001220703125,40.20000076293945,40.20000076293945,40.220001220703125,40.209999084472656,40.22999954223633,40.22999954223633,40.2400016784668,40.209999084472656,40.220001220703125,40.209999084472656,40.22999954223633,40.22999954223633,40.2400016784668,40.22999954223633,40.220001220703125,40.2400016784668,40.27000045776367,40.13999938964844,40.150001525878906,40.119998931884766,40.13999938964844,40.150001525878906,40.15999984741211,40.16999816894531,40.15999984741211,40.15999984741211,40.15999984741211,40.15999984741211,40.20000076293945,40.220001220703125,40.22999954223633,40.22999954223633,40.2400016784668,40.2400016784668,40.2400016784668,40.2400016784668,40.2599983215332,40.25,40.130001068115234,40.119998931884766,40.130001068115234,40.130001068115234,40.15999984741211,40.18000030517578,40.20000076293945,40.220001220703125,40.209999084472656,40.209999084472656,40.220001220703125,40.22999954223633,40.2400016784668,40.22999954223633,40.2400016784668,40.2400016784668,40.22999954223633,40.25,40.279998779296875,40.27000045776367,40.189998626708984,40.13999938964844,40.150001525878906,40.25,40.18000030517578,40.25,40.18000030517578,40.209999084472656,40.22999954223633,40.22999954223633,40.20000076293945,40.20000076293945,40.220001220703125,40.20000076293945,40.20000076293945,40.20000076293945,40.2400016784668,40.2599983215332,40.2400016784668,40.2599983215332,40.27000045776367,40.279998779296875,40.33000183105469,40.15999984741211,40.15999984741211,40.13999938964844,40.15999984741211,40.16999816894531,40.18000030517578,40.16999816894531,40.189998626708984,40.18000030517578,40.189998626708984,40.189998626708984,40.20000076293945,40.189998626708984,40.209999084472656,40.209999084472656,40.2400016784668,40.20000076293945,40.209999084472656,40.2400016784668,40.27000045776367,40.099998474121094,40.08000183105469,40.099998474121094,40.13999938964844,40.119998931884766,40.150001525878906,40.130001068115234,40.119998931884766,40.16999816894531,40.18000030517578,40.18000030517578,40.15999984741211,40.13999938964844,40.15999984741211,40.18000030517578,40.20000076293945,40.20000076293945,40.189998626708984,40.209999084472656,40.220001220703125,40.2400016784668,40.22999954223633,40.099998474121094,40.13999938964844,40.16999816894531,40.189998626708984,40.20000076293945,40.209999084472656,40.18000030517578,40.20000076293945,40.220001220703125,40.27000045776367,40.25,40.27000045776367,40.279998779296875,40.310001373291016,40.310001373291016,40.33000183105469,40.36000061035156,40.36000061035156,40.400001525878906,40.43000030517578,40.41999816894531,40.310001373291016,40.279998779296875,40.31999969482422,40.29999923706055,40.33000183105469,40.29999923706055,40.29999923706055,40.29999923706055,40.400001525878906,40.41999816894531,40.41999816894531,40.2400016784668,40.2599983215332,40.290000915527344,40.290000915527344,40.33000183105469,40.349998474121094,40.380001068115234,40.369998931884766,40.380001068115234,40.369998931884766,40.38999938964844,40.400001525878906,40.40999984741211,40.41999816894531,40.43000030517578,40.45000076293945
TRV,187.1199951171875,187.22999572753906,187.5500030517578,193.8699951171875,189.1199951171875,191.22000122070312,191.6300048828125,191.99000549316406,193.9199981689453,185.0,183.6300048828125,184.0399932861328,185.3300018310547,186.36000061035156,193.25,190.74000549316406,192.11000061035156,188.75999450683594,187.91000366210938,191.1199951171875,185.22999572753906,181.75,182.75999450683594,185.99000549316406,189.00999450683594,187.38999938964844,185.36000061035156,186.75,187.60000610351562,184.1300048828125,185.22000122070312,183.05999755859375,185.75,185.25,186.1199951171875,185.47000122070312,185.3300018310547,185.3300018310547,185.1199951171875,184.0500030517578,183.19000244140625,183.58999633789062,183.35000610351562,180.3699951171875,177.77000427246094,173.9199981689453,175.67999267578125,172.22000122070312,171.75999450683594,166.49000549316406,172.2100067138672,165.02999877929688,168.7100067138672,171.75,166.6300048828125,163.86000061035156,164.91000366210938,166.35000610351562,165.8800048828125,169.86000061035156,170.82000732421875,171.41000366210938,172.2899932861328,168.6300048828125,170.30999755859375,171.27000427246094,172.64999389648438,173.5500030517578,173.83999633789062,173.1999969482422,168.3699951171875,171.27999877929688,172.0,182.57000732421875,179.25999450683594,179.5,179.1300048828125,177.32000732421875,176.61000061035156,180.25,181.13999938964844,181.75999450683594,180.52999877929688,179.14999389648438,179.13999938964844,182.3000030517578,182.57000732421875,183.75,183.16000366210938,182.80999755859375,182.08999633789062,182.80999755859375,181.50999450683594,181.67999267578125,183.33999633789062,183.72000122070312,181.10000610351562,179.30999755859375,175.99000549316406,173.6699981689453,172.2899932861328,173.2899932861328,169.24000549316406,171.3000030517578,175.1300048828125,174.3699951171875,174.9499969482422,175.77999877929688,174.91000366210938,175.60000610351562,174.77000427246094,176.1199951171875,173.5500030517578,175.97000122070312,176.75,175.55999755859375,175.2899932861328,175.00999450683594,173.72000122070312,172.38999938964844,172.58999633789062,168.3699951171875,170.99000549316406,173.66000366210938,173.08999633789062,172.58999633789062,170.91000366210938,171.64999389648438,169.07000732421875,172.36000061035156,171.1199951171875,168.22000122070312,165.9499969482422,168.58999633789062,171.02000427246094,170.55999755859375,173.6300048828125,172.82000732421875,174.83999633789062,172.1199951171875,174.16000366210938,174.8699951171875,173.25999450683594,172.61000061035156,172.30999755859375,171.10000610351562,169.39999389648438,168.64999389648438,170.1199951171875,167.8800048828125,167.2899932861328,166.94000244140625,166.86000061035156,166.27000427246094,163.47999572753906,165.3699951171875,163.41000366210938,162.47000122070312,161.60000610351562,159.94000244140625,160.92999267578125,161.83999633789062,161.63999938964844,160.8300018310547,161.27999877929688,161.32000732421875,161.22999572753906,162.3000030517578,160.38999938964844,160.61000061035156,160.6699981689453,159.88999938964844,161.1300048828125,162.77000427246094,163.1300048828125,165.9600067138672,164.8000030517578,166.85000610351562,167.19000244140625,168.94000244140625,168.61000061035156,167.83999633789062,167.83999633789062,167.9600067138672,167.9199981689453,167.6199951171875,163.30999755859375,162.27000427246094,160.9199981689453,162.5,163.8800048828125,162.9499969482422,163.25999450683594,162.22999572753906,162.41000366210938,160.72999572753906,164.2100067138672,167.64999389648438,169.36000061035156,168.11000061035156,163.94000244140625,161.58999633789062,159.19000244140625,157.9199981689453,164.72999572753906,164.4600067138672,160.67999267578125,165.50999450683594,167.44000244140625,169.27999877929688,168.9499969482422,168.41000366210938,169.5500030517578,169.99000549316406,168.55999755859375,168.58999633789062,169.9600067138672,171.0,168.6999969482422,169.5399932861328,171.69000244140625,171.82000732421875,172.10000610351562,175.05999755859375,176.0800018310547,177.5399932861328,178.61000061035156,176.83999633789062,177.44000244140625,180.6199951171875,181.97999572753906,183.19000244140625,183.66000366210938,183.1300048828125,181.91000366210938,181.25999450683594,182.35000610351562,183.66000366210938,185.22000122070312,182.77000427246094,182.80999755859375,183.41000366210938,186.17999267578125,183.83999633789062,185.57000732421875,185.8000030517578,187.08999633789062,188.6199951171875,189.3300018310547,190.49000549316406,191.4199981689453,191.3000030517578,192.5399932861328,193.07000732421875,192.30999755859375,192.1999969482422,193.08999633789062
HON,214.3000030517578,210.0399932861328,204.47000122070312,210.27000427246094,210.6699981689453,211.33999633789062,212.3000030517578,215.97999572753906,216.61000061035156,212.24000549316406,204.24000549316406,200.66000366210938,202.02999877929688,204.4600067138672,206.92999267578125,206.6699981689453,209.35000610351562,208.1300048828125,205.77999877929688,208.47999572753906,206.72000122070312,207.3800048828125,202.69000244140625,204.0399932861328,205.47000122070312,202.22000122070312,199.22000122070312,200.47000122070312,203.3699951171875,201.0,201.7100067138672,199.36000061035156,201.4199981689453,196.75999450683594,195.49000549316406,195.02000427246094,192.0399932861328,192.4499969482422,191.47999572753906,192.8800048828125,194.4499969482422,196.82000732421875,197.0399932861328,195.6199951171875,195.57000732421875,192.8800048828125,193.3300018310547,193.10000610351562,192.97000122070312,188.1199951171875,189.13999938964844,184.63999938964844,189.8800048828125,191.16000366210938,187.16000366210938,186.9199981689453,188.16000366210938,187.99000549316406,187.9199981689453,189.07000732421875,189.1199951171875,191.1199951171875,193.27999877929688,190.94000244140625,189.42999267578125,190.4600067138672,191.67999267578125,192.19000244140625,193.22999572753906,195.89999389648438,196.5500030517578,197.86000061035156,196.92999267578125,197.80999755859375,196.75,196.0800018310547,196.77999877929688,195.9600067138672,190.89999389648438,198.61000061035156,199.83999633789062,200.47999572753906,198.25999450683594,197.9600067138672,196.22000122070312,198.4199981689453,196.9499969482422,197.1300048828125,197.33999633789062,193.97999572753906,193.6199951171875,194.30999755859375,191.61000061035156,196.02000427246094,198.25,197.35000610351562,196.92999267578125,194.97000122070312,191.86000061035156,192.27000427246094,193.75,194.5500030517578,191.60000610351562,193.86000061035156,198.85000610351562,197.17999267578125,196.33999633789062,198.38999938964844,198.14999389648438,197.88999938964844,198.5,201.11000061035156,200.52000427246094,203.72999572753906,202.97000122070312,200.39999389648438,201.8000030517578,200.64999389648438,200.08999633789062,202.5800018310547,203.33999633789062,202.5,206.47000122070312,207.5,208.3000030517578,206.42999267578125,204.00999450683594,203.25999450683594,207.74000549316406,208.72999572753906,208.52000427246094,208.7100067138672,206.13999938964844,208.1699981689453,205.25,205.1699981689453,207.9600067138672,208.60000610351562,209.32000732421875,209.67999267578125,208.25999450683594,196.41000366210938,195.19000244140625,194.1300048828125,193.47999572753906,192.89999389648438,190.50999450683594,189.2100067138672,189.60000610351562,187.64999389648438,189.24000549316406,188.74000549316406,190.6699981689453,189.50999450683594,187.8000030517578,186.49000549316406,185.97999572753906,186.5800018310547,186.9499969482422,186.00999450683594,187.0800018310547,185.16000366210938,186.3000030517578,187.8800048828125,189.52000427246094,188.55999755859375,187.94000244140625,188.38999938964844,185.6999969482422,184.50999450683594,184.1199951171875,184.52000427246094,186.2100067138672,189.2100067138672,191.58999633789062,193.55999755859375,193.0399932861328,194.4600067138672,195.35000610351562,194.44000244140625,191.42999267578125,189.77999877929688,191.86000061035156,187.88999938964844,187.8800048828125,187.11000061035156,184.74000549316406,182.61000061035156,181.13999938964844,182.5,180.02000427246094,184.66000366210938,186.52000427246094,186.33999633789062,187.39999389648438,183.94000244140625,183.55999755859375,186.22999572753906,186.32000732421875,183.47000122070312,182.27000427246094,181.32000732421875,180.52000427246094,181.4600067138672,178.08999633789062,176.05999755859375,177.0,179.75,183.25999450683594,183.99000549316406,186.42999267578125,188.99000549316406,187.5,186.61000061035156,184.6199951171875,183.67999267578125,186.7100067138672,186.50999450683594,190.24000549316406,189.5500030517578,190.7100067138672,191.2100067138672,191.8000030517578,191.24000549316406,192.30999755859375,193.41000366210938,192.97000122070312,194.27000427246094,194.25999450683594,195.9199981689453,197.77999877929688,198.36000061035156,196.9499969482422,197.7899932861328,197.7899932861328,194.61000061035156,200.38999938964844,201.50999450683594,203.0800018310547,203.41000366210938,203.39999389648438,205.10000610351562,204.60000610351562,202.89999389648438,205.0500030517578,205.63999938964844,208.0399932861328,209.02000427246094,209.1699981689453,209.7100067138672,209.0,204.52999877929688,204.89999389648438,203.52999877929688,202.66000366210938,201.6300048828125,202.39999389648438
HTUS,28.149999618530273,28.389999389648438,28.149999618530273,28.558000564575195,28.549999237060547,28.518999099731445,28.792999267578125,29.059999465942383,28.736000061035156,28.70400047302246,28.40399932861328,27.975000381469727,28.114999771118164,28.334999084472656,28.113000869750977,28.327999114990234,28.790000915527344,28.989999771118164,29.10300064086914,29.22800064086914,29.558000564575195,30.138999938964844,29.863000869750977,29.642000198364258,29.881999969482422,29.86199951171875,29.524999618530273,29.378000259399414,29.700000762939453,29.864999771118164,29.729999542236328,29.812999725341797,29.410999298095703,28.972999572753906,28.822999954223633,28.93600082397461,28.760000228881836,28.926000595092773,28.979000091552734,28.719999313354492,29.02199935913086,29.399999618530273,29.743000030517578,28.981000900268555,28.829999923706055,28.31800079345703,27.73200035095215,27.56999969482422,27.860000610351562,27.520000457763672,28.28700065612793,27.75,28.209999084472656,28.700000762939453,28.902999877929688,28.291000366210938,28.315000534057617,28.472000122070312,28.371000289916992,29.6299991607666,29.59000015258789,30.209999084472656,30.46500015258789,30.19499969482422,30.131999969482422,30.246999740600586,30.18600082397461,30.350000381469727,30.246999740600586,30.29599952697754,30.648000717163086,30.767000198364258,31.027999877929688,30.885000228881836,30.695999145507812,30.641000747680664,30.645999908447266,30.211999893188477,30.049999237060547,30.80900001525879,31.17300033569336,31.37299919128418,30.948999404907227,30.70599937438965,29.885000228881836,30.625999450683594,30.77199935913086,30.625,30.672000885009766,30.506999969482422,30.594999313354492,30.469999313354492,30.5,30.895000457763672,31.450000762939453,31.395000457763672,31.40999984741211,31.128000259399414,30.729999542236328,31.100000381469727,31.799999237060547,31.483999252319336,31.329999923706055,31.45599937438965,32.20000076293945,32.14099884033203,32.21799850463867,32.189998626708984,32.34700012207031,32.479000091552734,32.479000091552734,32.97999954223633,33.380001068115234,33.292999267578125,33.470001220703125,33.262001037597656,32.97600173950195,33.04899978637695,32.946998596191406,32.388999938964844,32.77399826049805,32.62099838256836,32.73699951171875,33.36800003051758,33.380001068115234,33.44599914550781,33.141998291015625,33.00299835205078,32.88999938964844,33.159000396728516,33.42900085449219,33.869998931884766,33.779998779296875,33.8849983215332,34.145999908447266,34.28499984741211,34.13999938964844,34.099998474121094,34.2400016784668,34.349998474121094,34.06999969482422,33.803001403808594,34.499000549316406,34.457000732421875,34.42399978637695,33.67499923706055,33.7130012512207,33.40999984741211,33.790000915527344,33.650001525878906,33.369998931884766,33.380001068115234,33.310001373291016,33.4900016784668,32.808998107910156,32.566001892089844,32.35599899291992,32.06999969482422,32.560001373291016,32.56999969482422,32.803001403808594,32.4739990234375,32.7400016784668,32.91999816894531,33.459999084472656,33.540000915527344,33.56999969482422,33.61000061035156,33.23699951171875,33.0260009765625,33.00899887084961,32.95000076293945,33.25,33.130001068115234,33.18000030517578,33.4900016784668,32.775001525878906,32.9739990234375,32.827999114990234,32.77000045776367,31.989999771118164,31.8799991607666,32.0,31.363000869750977,31.32699966430664,31.448999404907227,31.531999588012695,31.27199935913086,30.809999465942383,31.049999237060547,30.98699951171875,31.34600067138672,31.760000228881836,31.982999801635742,32.10900115966797,31.864999771118164,31.719999313354492,32.11199951171875,31.895000457763672,31.69300079345703,31.42099952697754,30.875999450683594,30.6299991607666,30.829999923706055,30.576000213623047,30.033000946044922,29.791000366210938,30.392000198364258,30.548999786376953,31.246000289916992,32.071998596191406,32.56800079345703,32.64099884033203,32.88999938964844,32.73099899291992,32.48099899291992,33.0,33.040000915527344,33.6619987487793,33.959999084472656,33.654998779296875,33.79800033569336,34.12099838256836,34.132999420166016,34.242000579833984,34.04100036621094,33.972999572753906,34.108001708984375,33.970001220703125,34.20100021362305,34.49599838256836,34.13999938964844,34.31399917602539,34.09000015258789,34.358001708984375,34.57099914550781,34.685001373291016,34.87200164794922,35.64500045776367,35.78300094604492,35.63999938964844,36.13999938964844,36.18199920654297,36.91299819946289,36.125,36.3489990234375,36.345001220703125,35.94599914550781,35.99599838256836,35.75,35.49700164794922,35.0099983215332,35.290000915527344,34.98500061035156,35.654998779296875,35.58599853515625,35.79600143432617
LGOV,22.094999313354492,22.200000762939453,22.235000610351562,22.540000915527344,22.709999084472656,22.614999771118164,22.645000457763672,22.780000686645508,22.829999923706055,22.81999969482422,23.0049991607666,23.03499984741211,22.84000015258789,22.719999313354492,22.739999771118164,22.815000534057617,22.725000381469727,22.7450008392334,22.6299991607666,22.649999618530273,22.899999618530273,22.969999313354492,22.684999465942383,22.600000381469727,22.55500030517578,22.58799934387207,22.56599998474121,22.34000015258789,22.3799991607666,22.385000228881836,22.288999557495117,22.229999542236328,22.23200035095215,22.075000762939453,22.03499984741211,22.110000610351562,21.989999771118164,22.0,22.020000457763672,21.885000228881836,21.79599952697754,21.920000076293945,21.9950008392334,21.959999084472656,21.950000762939453,22.0,22.493999481201172,22.81800079345703,22.57699966430664,22.81999969482422,22.684999465942383,23.02400016784668,22.825000762939453,22.709999084472656,22.81999969482422,22.885000228881836,22.920000076293945,22.614999771118164,22.59000015258789,22.53499984741211,22.6200008392334,22.812999725341797,22.920000076293945,23.139999389648438,23.209999084472656,23.280000686645508,22.969999313354492,22.957000732421875,22.969999313354492,22.969999313354492,22.780000686645508,22.6200008392334,22.6299991607666,22.60700035095215,22.75,22.6200008392334,22.72599983215332,22.948999404907227,22.886999130249023,22.780000686645508,22.809999465942383,22.639999389648438,22.860000610351562,22.988000869750977,22.93000030517578,22.84000015258789,22.68000030517578,22.610000610351562,22.77899932861328,22.940000534057617,22.899999618530273,22.700000762939453,22.649999618530273,22.600000381469727,22.43000030517578,22.299999237060547,22.31999969482422,22.209999084472656,22.170000076293945,22.079999923706055,22.1200008392334,22.280000686645508,22.450000762939453,22.479999542236328,22.389999389648438,22.360000610351562,22.354999542236328,22.260000228881836,22.309999465942383,22.3799991607666,22.354999542236328,22.219999313354492,22.19300079345703,22.40999984741211,22.385000228881836,22.434999465942383,22.454999923706055,22.399999618530273,22.395000457763672,22.40999984741211,22.34000015258789,22.420000076293945,22.1200008392334,22.25,22.167999267578125,22.09000015258789,21.8799991607666,21.770000457763672,21.739999771118164,21.780000686645508,21.850000381469727,22.200000762939453,22.239999771118164,22.170000076293945,22.200000762939453,22.299999237060547,22.329999923706055,22.110000610351562,22.125,22.049999237060547,22.020000457763672,21.979999542236328,21.780000686645508,21.8700008392334,21.739999771118164,21.625,21.420000076293945,21.395000457763672,21.540000915527344,21.559999465942383,21.729999542236328,21.610000610351562,21.459999084472656,21.378999710083008,21.31999969482422,21.149999618530273,21.059999465942383,21.06999969482422,21.1200008392334,20.989999771118164,21.110000610351562,21.25,21.229999542236328,21.243999481201172,21.360000610351562,21.469999313354492,21.5,21.399999618530273,21.239999771118164,21.09000015258789,21.110000610351562,21.239999771118164,21.15999984741211,21.15999984741211,21.219999313354492,21.139999389648438,21.040000915527344,21.020000457763672,20.959999084472656,20.950000762939453,20.700000762939453,20.670000076293945,20.40999984741211,20.399999618530273,20.31999969482422,20.344999313354492,20.280000686645508,20.09000015258789,19.8799991607666,20.0,19.93000030517578,19.84000015258789,20.18000030517578,20.1299991607666,20.290000915527344,20.020000457763672,20.170000076293945,20.0,19.81999969482422,19.670000076293945,19.40999984741211,19.40999984741211,19.610000610351562,19.625,19.3799991607666,19.5,19.639999389648438,19.600000381469727,19.43000030517578,19.700000762939453,20.06999969482422,20.190000534057617,20.209999084472656,20.34000015258789,20.475000381469727,20.229999542236328,20.299999237060547,20.190000534057617,20.559999465942383,20.43000030517578,20.59000015258789,20.6200008392334,20.729999542236328,20.56999969482422,20.649999618530273,20.52400016784668,20.68000030517578,20.81999969482422,21.049999237060547,20.860000610351562,21.06999969482422,21.014999389648438,21.329999923706055,21.510000228881836,21.399999618530273,21.200000762939453,21.219999313354492,21.299999237060547,21.625,22.15999984741211,22.1200008392334,21.989999771118164,22.049999237060547,22.229999542236328,22.100000381469727,21.979999542236328,22.030000686645508,22.329999923706055,22.209999084472656,22.1299991607666,21.979999542236328,22.040000915527344,21.84000015258789,21.709999084472656,21.829999923706055,21.799999237060547,21.729999542236328
RIGS,22.649999618530273,22.860000610351562,22.780000686645508,22.889999389648438,22.950000762939453,22.84000015258789,22.969999313354492,23.049999237060547,23.040000915527344,23.0,23.059999465942383,23.020000457763672,23.0,22.979999542236328,23.079999923706055,23.049999237060547,22.969999313354492,22.950000762939453,22.860000610351562,22.979999542236328,23.079999923706055,22.93000030517578,23.040000915527344,22.899999618530273,22.770000457763672,22.950000762939453,22.8700008392334,22.809999465942383,22.790000915527344,22.75,22.799999237060547,22.649999618530273,22.639999389648438,22.559999465942383,22.59000015258789,22.639999389648438,22.520000457763672,22.56999969482422,22.610000610351562,22.510000228881836,22.489999771118164,22.639999389648438,22.600000381469727,22.610000610351562,22.5,22.540000915527344,22.68000030517578,22.649999618530273,22.6299991607666,22.729999542236328,22.709999084472656,22.84000015258789,22.700000762939453,22.770000457763672,22.790000915527344,22.799999237060547,22.8799991607666,22.719999313354492,22.690000534057617,22.739999771118164,22.780000686645508,22.989999771118164,23.0,23.040000915527344,23.020000457763672,23.049999237060547,22.940000534057617,22.920000076293945,23.030000686645508,23.0,23.020000457763672,22.950000762939453,22.940000534057617,22.84000015258789,22.860000610351562,22.8799991607666,22.940000534057617,23.030000686645508,23.020000457763672,22.899999618530273,22.979999542236328,22.829999923706055,22.81999969482422,23.010000228881836,22.860000610351562,22.8799991607666,22.84000015258789,22.790000915527344,22.780000686645508,22.8799991607666,22.90999984741211,22.860000610351562,22.799999237060547,22.790000915527344,22.760000228881836,22.75,22.65999984741211,22.700000762939453,22.65999984741211,22.530000686645508,22.549999237060547,22.709999084472656,22.719999313354492,22.790000915527344,22.770000457763672,22.729999542236328,22.709999084472656,22.670000076293945,22.770000457763672,22.68000030517578,22.68000030517578,22.649999618530273,22.700000762939453,22.729999542236328,22.729999542236328,22.739999771118164,22.729999542236328,22.600000381469727,22.690000534057617,22.690000534057617,22.65999984741211,22.739999771118164,22.6299991607666,22.709999084472656,22.649999618530273,22.610000610351562,22.459999084472656,22.540000915527344,22.610000610351562,22.6299991607666,22.729999542236328,22.850000381469727,22.719999313354492,22.770000457763672,22.739999771118164,22.850000381469727,22.670000076293945,22.670000076293945,22.690000534057617,22.649999618530273,22.700000762939453,22.559999465942383,22.639999389648438,22.649999618530273,22.579999923706055,22.520000457763672,22.360000610351562,22.579999923706055,22.540000915527344,22.639999389648438,22.649999618530273,22.559999465942383,22.5,22.43000030517578,22.43000030517578,22.399999618530273,22.350000381469727,22.3799991607666,22.31999969482422,22.350000381469727,22.469999313354492,22.360000610351562,22.3799991607666,22.459999084472656,22.559999465942383,22.600000381469727,22.600000381469727,22.489999771118164,22.40999984741211,22.350000381469727,22.459999084472656,22.450000762939453,22.3799991607666,22.389999389648438,22.40999984741211,22.489999771118164,22.440000534057617,22.459999084472656,22.479999542236328,22.43000030517578,22.239999771118164,22.270000457763672,22.170000076293945,22.15999984741211,22.110000610351562,22.139999389648438,22.149999618530273,21.780000686645508,21.860000610351562,21.950000762939453,22.0,21.8700008392334,22.020000457763672,22.139999389648438,22.139999389648438,22.040000915527344,22.110000610351562,21.920000076293945,21.81999969482422,21.780000686645508,21.700000762939453,21.760000228881836,21.829999923706055,21.889999389648438,21.75,21.809999465942383,21.790000915527344,21.770000457763672,21.81999969482422,21.979999542236328,22.06999969482422,22.200000762939453,22.170000076293945,22.260000228881836,22.239999771118164,22.1299991607666,22.15999984741211,22.149999618530273,22.43000030517578,22.329999923706055,22.329999923706055,22.360000610351562,22.469999313354492,22.34000015258789,22.399999618530273,22.229999542236328,22.469999313354492,22.530000686645508,22.600000381469727,22.5,22.65999984741211,22.540000915527344,22.610000610351562,22.790000915527344,22.59000015258789,22.670000076293945,22.68000030517578,22.719999313354492,22.899999618530273,23.09000015258789,23.040000915527344,23.1299991607666,23.030000686645508,23.209999084472656,23.09000015258789,23.100000381469727,23.100000381469727,23.18000030517578,23.18000030517578,23.15999984741211,22.940000534057617,23.010000228881836,22.90999984741211,22.940000534057617,23.040000915527344,22.989999771118164,22.959999084472656
HYEM,18.290000915527344,18.440000534057617,18.459999084472656,18.719999313354492,18.670000076293945,18.670000076293945,18.81999969482422,18.850000381469727,18.829999923706055,18.899999618530273,18.8799991607666,18.940000534057617,18.950000762939453,19.030000686645508,19.059999465942383,19.06999969482422,19.100000381469727,19.030000686645508,18.979999542236328,19.020000457763672,19.049999237060547,19.020000457763672,18.90999984741211,18.799999237060547,18.829999923706055,18.780000686645508,18.760000228881836,18.5,18.530000686645508,18.489999771118164,18.549999237060547,18.43000030517578,18.450000762939453,18.18000030517578,18.209999084472656,18.399999618530273,18.329999923706055,18.450000762939453,18.3799991607666,18.299999237060547,18.25,18.450000762939453,18.389999389648438,18.350000381469727,18.3700008392334,18.3700008392334,18.350000381469727,18.329999923706055,18.280000686645508,18.270000457763672,18.200000762939453,18.200000762939453,18.100000381469727,18.190000534057617,18.229999542236328,18.31999969482422,18.25,18.149999618530273,18.149999618530273,18.239999771118164,18.3799991607666,18.420000076293945,18.469999313354492,18.399999618530273,18.290000915527344,18.34000015258789,18.360000610351562,18.34000015258789,18.34000015258789,18.450000762939453,18.399999618530273,18.389999389648438,18.420000076293945,18.290000915527344,18.25,18.229999542236328,18.209999084472656,18.270000457763672,18.209999084472656,18.209999084472656,18.280000686645508,17.969999313354492,18.020000457763672,18.049999237060547,17.969999313354492,18.06999969482422,18.0,18.0,17.950000762939453,18.0,17.969999313354492,17.889999389648438,17.809999465942383,17.799999237060547,17.729999542236328,17.719999313354492,17.719999313354492,17.700000762939453,17.729999542236328,17.68000030517578,17.709999084472656,17.889999389648438,17.84000015258789,17.84000015258789,17.8799991607666,17.950000762939453,17.979999542236328,17.93000030517578,17.979999542236328,17.979999542236328,18.059999465942383,18.079999923706055,18.110000610351562,18.219999313354492,18.170000076293945,18.139999389648438,18.170000076293945,18.219999313354492,18.260000228881836,18.270000457763672,18.260000228881836,18.290000915527344,18.209999084472656,18.299999237060547,18.170000076293945,18.059999465942383,17.950000762939453,17.979999542236328,18.049999237060547,18.09000015258789,18.190000534057617,18.280000686645508,18.239999771118164,18.270000457763672,18.280000686645508,18.209999084472656,18.190000534057617,18.200000762939453,18.190000534057617,18.170000076293945,18.139999389648438,18.139999389648438,18.239999771118164,18.280000686645508,18.1200008392334,18.040000915527344,18.010000228881836,18.139999389648438,18.100000381469727,18.100000381469727,18.1200008392334,18.139999389648438,18.110000610351562,17.989999771118164,17.93000030517578,17.93000030517578,17.8799991607666,17.829999923706055,17.790000915527344,17.780000686645508,17.93000030517578,17.90999984741211,17.860000610351562,17.959999084472656,18.079999923706055,17.979999542236328,18.010000228881836,17.989999771118164,17.920000076293945,17.90999984741211,18.0,17.979999542236328,18.0,17.959999084472656,18.0,18.0,18.020000457763672,18.030000686645508,18.010000228881836,18.0,17.899999618530273,17.959999084472656,17.90999984741211,17.850000381469727,17.770000457763672,17.850000381469727,17.81999969482422,17.649999618530273,17.559999465942383,17.579999923706055,17.540000915527344,17.579999923706055,17.540000915527344,17.56999969482422,17.639999389648438,17.579999923706055,17.520000457763672,17.610000610351562,17.520000457763672,17.469999313354492,17.459999084472656,17.420000076293945,17.5,17.510000228881836,17.469999313354492,17.540000915527344,17.450000762939453,17.5,17.469999313354492,17.510000228881836,17.6299991607666,17.75,17.6299991607666,17.729999542236328,17.739999771118164,17.649999618530273,17.700000762939453,17.729999542236328,17.790000915527344,17.75,17.84000015258789,17.899999618530273,17.969999313354492,18.100000381469727,18.1299991607666,18.1200008392334,18.139999389648438,18.229999542236328,18.25,18.170000076293945,18.290000915527344,18.219999313354492,18.200000762939453,18.270000457763672,18.239999771118164,18.260000228881836,18.25,18.219999313354492,18.450000762939453,18.510000228881836,18.459999084472656,18.479999542236328,18.489999771118164,18.59000015258789,18.610000610351562,18.56999969482422,18.649999618530273,18.540000915527344,18.540000915527344,18.510000228881836,18.459999084472656,18.479999542236328,18.56999969482422,18.5,18.530000686645508,18.5,18.579999923706055
FFIU,21.725000381469727,21.774999618530273,21.670000076293945,21.834999084472656,21.979999542236328,21.975000381469727,22.06999969482422,22.204999923706055,22.34000015258789,22.209999084472656,22.469999313354492,22.459999084472656,22.469999313354492,22.274999618530273,22.360000610351562,22.277000427246094,22.389999389648438,22.239999771118164,22.235000610351562,22.327999114990234,22.399999618530273,22.545000076293945,22.385000228881836,22.26799964904785,22.110000610351562,22.170000076293945,22.235000610351562,22.014999389648438,22.125,22.024999618530273,21.959999084472656,21.889999389648438,21.770000457763672,21.780000686645508,21.770000457763672,21.799999237060547,21.735000610351562,21.72599983215332,21.674999237060547,21.635000228881836,21.531999588012695,21.700000762939453,21.540000915527344,21.729999542236328,21.71500015258789,21.579999923706055,21.875,21.834999084472656,21.849000930786133,21.861000061035156,21.844999313354492,22.024999618530273,21.905000686645508,21.847999572753906,22.034000396728516,22.094999313354492,22.079999923706055,21.93000030517578,21.915000915527344,21.889999389648438,21.905000686645508,22.054000854492188,22.104999542236328,22.16200065612793,22.229999542236328,22.295000076293945,22.1200008392334,22.139999389648438,22.18000030517578,22.170000076293945,22.086000442504883,22.03499984741211,22.049999237060547,22.006000518798828,22.030000686645508,22.045000076293945,22.104000091552734,22.235000610351562,22.084999084472656,21.940000534057617,22.045000076293945,21.860000610351562,21.94499969482422,22.030000686645508,21.975000381469727,21.898000717163086,21.795000076293945,21.815000534057617,21.920000076293945,21.975000381469727,21.93000030517578,21.829999923706055,21.729999542236328,21.71500015258789,21.639999389648438,21.700000762939453,21.6299991607666,21.6299991607666,21.638999938964844,21.53499984741211,21.600000381469727,21.631000518798828,21.735000610351562,21.740999221801758,21.78499984741211,21.770000457763672,21.795000076293945,21.684999465942383,21.69499969482422,21.739999771118164,21.665000915527344,21.665000915527344,21.670000076293945,21.7549991607666,21.71500015258789,21.81800079345703,21.84000015258789,21.764999389648438,21.795000076293945,21.760000228881836,21.809999465942383,21.791000366210938,21.639999389648438,21.69499969482422,21.7549991607666,21.6299991607666,21.415000915527344,21.440000534057617,21.485000610351562,21.56999969482422,21.719999313354492,21.8700008392334,21.774999618530273,21.735000610351562,21.8799991607666,21.899999618530273,21.795000076293945,21.764999389648438,21.790000915527344,21.809999465942383,21.790000915527344,21.670000076293945,21.684999465942383,21.725000381469727,21.575000762939453,21.420000076293945,21.270000457763672,21.440000534057617,21.459999084472656,21.469999313354492,21.545000076293945,21.420000076293945,21.34000015258789,21.3799991607666,21.31999969482422,21.25,21.125,21.229999542236328,21.1299991607666,21.149999618530273,21.385000228881836,21.360000610351562,21.334999084472656,21.40999984741211,21.52899932861328,21.46500015258789,21.42099952697754,21.399999618530273,21.270000457763672,21.19099998474121,21.264999389648438,21.329999923706055,21.299999237060547,21.280000686645508,21.28499984741211,21.43000030517578,21.209999084472656,21.25,21.170000076293945,21.18000030517578,21.049999237060547,21.059999465942383,20.958999633789062,20.860000610351562,20.850000381469727,20.7450008392334,20.815000534057617,20.600000381469727,20.549999237060547,20.5,20.479999542236328,20.3799991607666,20.520000457763672,20.489999771118164,20.649999618530273,20.540000915527344,20.690000534057617,20.530000686645508,20.424999237060547,20.219999313354492,20.139999389648438,20.25,20.399999618530273,20.3799991607666,20.2549991607666,20.420000076293945,20.434999465942383,20.299999237060547,20.309999465942383,20.510000228881836,20.719999313354492,20.905000686645508,20.780000686645508,20.889999389648438,21.040000915527344,20.8700008392334,20.729999542236328,20.825000762939453,21.209999084472656,21.079999923706055,21.200000762939453,21.25,21.28499984741211,21.280000686645508,21.354999542236328,21.25,21.389999389648438,21.42099952697754,21.489999771118164,21.610000610351562,21.700000762939453,21.6200008392334,21.889999389648438,21.940000534057617,21.920000076293945,21.780000686645508,21.764999389648438,21.84000015258789,22.104999542236328,22.350000381469727,22.420000076293945,22.280000686645508,22.34000015258789,22.454999923706055,22.424999237060547,22.454999923706055,22.434999465942383,22.579999923706055,22.31999969482422,22.1200008392334,22.114999771118164,22.139999389648438,22.059999465942383,21.979999542236328,21.990999221801758,22.03499984741211,22.06999969482422
VMBS,45.86000061035156,46.08000183105469,46.0,46.529998779296875,46.720001220703125,46.5,46.7599983215332,47.060001373291016,46.91999816894531,46.779998779296875,47.290000915527344,47.22999954223633,47.04999923706055,46.880001068115234,47.150001525878906,47.310001373291016,47.16999816894531,47.220001220703125,46.959999084472656,47.09000015258789,47.40999984741211,47.380001068115234,46.9900016784668,46.560001373291016,46.54999923706055,46.720001220703125,46.54999923706055,46.310001373291016,46.529998779296875,46.27000045776367,46.20000076293945,46.06999969482422,46.150001525878906,45.63999938964844,45.79999923706055,45.95000076293945,45.689998626708984,45.75,45.77000045776367,45.31999969482422,45.13999938964844,45.5,45.41999816894531,45.27000045776367,45.25,45.54999923706055,45.88999938964844,46.310001373291016,46.04999923706055,46.470001220703125,46.29999923706055,46.84000015258789,46.400001525878906,46.2599983215332,46.869998931884766,46.91999816894531,46.900001525878906,46.40999984741211,46.220001220703125,46.369998931884766,46.43000030517578,46.54999923706055,46.70000076293945,46.93000030517578,47.040000915527344,46.93000030517578,46.47999954223633,46.630001068115234,46.79999923706055,46.709999084472656,46.439998626708984,46.099998474121094,46.16999816894531,46.22999954223633,46.439998626708984,46.36000061035156,46.529998779296875,46.810001373291016,46.619998931884766,46.459999084472656,46.66999816894531,46.11000061035156,46.58000183105469,46.86000061035156,46.7400016784668,46.619998931884766,46.38999938964844,46.31999969482422,46.65999984741211,46.79999923706055,46.47999954223633,46.380001068115234,46.31999969482422,46.2599983215332,46.02000045776367,45.869998931884766,45.869998931884766,45.88999938964844,45.720001220703125,45.5,45.4900016784668,45.869998931884766,46.209999084472656,46.18000030517578,45.88999938964844,45.869998931884766,46.04999923706055,45.790000915527344,46.04999923706055,46.0099983215332,46.06999969482422,45.869998931884766,45.81999969482422,46.16999816894531,46.08000183105469,46.060001373291016,46.150001525878906,45.93000030517578,46.11000061035156,46.20000076293945,46.09000015258789,46.2599983215332,45.83000183105469,45.9900016784668,45.7400016784668,45.5099983215332,45.150001525878906,45.130001068115234,45.279998779296875,45.380001068115234,45.88999938964844,46.209999084472656,45.900001525878906,46.060001373291016,46.04999923706055,46.119998931884766,45.88999938964844,45.91999816894531,45.86000061035156,45.79999923706055,46.0,45.58000183105469,45.77000045776367,45.79999923706055,45.369998931884766,45.16999816894531,44.84000015258789,45.2599983215332,45.25,45.41999816894531,45.470001220703125,45.20000076293945,44.88999938964844,44.81999969482422,44.709999084472656,44.599998474121094,44.61000061035156,44.66999816894531,44.439998626708984,44.470001220703125,44.900001525878906,44.79999923706055,44.810001373291016,44.90999984741211,45.2599983215332,45.209999084472656,45.279998779296875,44.939998626708984,44.58000183105469,44.54999923706055,44.709999084472656,44.7400016784668,44.65999984741211,44.75,44.900001525878906,44.849998474121094,44.70000076293945,44.720001220703125,44.58000183105469,44.54999923706055,44.209999084472656,44.40999984741211,43.970001220703125,43.93000030517578,43.61000061035156,43.86000061035156,43.779998779296875,43.20000076293945,42.720001220703125,43.150001525878906,43.25,43.040000915527344,43.529998779296875,43.459999084472656,43.65999984741211,43.16999816894531,43.369998931884766,43.13999938964844,42.7599983215332,42.5099983215332,42.29999923706055,42.40999984741211,42.529998779296875,42.75,42.34000015258789,42.7400016784668,42.7599983215332,42.59000015258789,42.66999816894531,43.119998931884766,43.31999969482422,43.75,43.5,43.810001373291016,43.90999984741211,43.529998779296875,43.61000061035156,43.59000015258789,44.209999084472656,43.900001525878906,44.20000076293945,44.310001373291016,44.369998931884766,44.459999084472656,44.47999954223633,44.130001068115234,44.40999984741211,44.720001220703125,44.93000030517578,44.79999923706055,45.13999938964844,44.91999816894531,45.13999938964844,45.27000045776367,45.29999923706055,45.09000015258789,45.119998931884766,45.25,45.939998626708984,46.20000076293945,46.09000015258789,45.959999084472656,46.09000015258789,46.31999969482422,46.36000061035156,46.189998626708984,46.25,46.59000015258789,46.40999984741211,46.36000061035156,46.099998474121094,46.119998931884766,45.84000015258789,45.77000045776367,46.0099983215332,45.970001220703125,45.90999984741211
IEF,96.52999877929688,97.2699966430664,97.12999725341797,98.37999725341797,98.62999725341797,98.01000213623047,98.63999938964844,99.5199966430664,98.98999786376953,98.68000030517578,100.0199966430664,99.83000183105469,99.16999816894531,98.8499984741211,99.41999816894531,99.52999877929688,99.16999816894531,99.0199966430664,98.70999908447266,99.20999908447266,99.70999908447266,99.66999816894531,98.5999984741211,97.75,97.51000213623047,97.87000274658203,97.43000030517578,96.95999908447266,97.19000244140625,96.75,96.45999908447266,96.13999938964844,96.41000366210938,95.36000061035156,95.52999877929688,95.9000015258789,95.31999969482422,95.61000061035156,95.76000213623047,94.80000305175781,94.41000366210938,95.16999816894531,95.0,95.01000213623047,94.9800033569336,95.56999969482422,97.33000183105469,98.51000213623047,97.58000183105469,98.98999786376953,98.0999984741211,99.26000213623047,98.86000061035156,98.0,99.29000091552734,99.86000061035156,99.88999938964844,98.66000366210938,98.5999984741211,98.43000030517578,98.58000183105469,99.12000274658203,99.38999938964844,100.02999877929688,100.44999694824219,100.4800033569336,99.48999786376953,99.44999694824219,99.73999786376953,99.41000366210938,98.91999816894531,98.29000091552734,98.44999694824219,98.23999786376953,98.80999755859375,98.56999969482422,99.05000305175781,100.02999877929688,99.63999938964844,98.98999786376953,99.7300033569336,98.31999969482422,99.5999984741211,100.25,100.2300033569336,99.69000244140625,99.08000183105469,98.95999908447266,99.69999694824219,100.06999969482422,99.47000122070312,99.25,98.93000030517578,98.61000061035156,98.0,97.62999725341797,97.44999694824219,97.61000061035156,97.36000061035156,96.75,96.93000030517578,97.69000244140625,98.05999755859375,98.0999984741211,97.31999969482422,97.29000091552734,97.3499984741211,96.63999938964844,97.29000091552734,96.94000244140625,97.0999984741211,96.41000366210938,96.54000091552734,97.29000091552734,96.87000274658203,97.16000366210938,97.25,96.69999694824219,97.0999984741211,97.33999633789062,97.0,97.38999938964844,96.38999938964844,96.5999984741211,95.94999694824219,95.48999786376953,94.70999908447266,94.58999633789062,95.08000183105469,95.27999877929688,96.20999908447266,97.01000213623047,96.52999877929688,96.69000244140625,96.80000305175781,97.12999725341797,96.36000061035156,96.44000244140625,96.20999908447266,96.02999877929688,96.36000061035156,95.30999755859375,95.62000274658203,95.73999786376953,94.94000244140625,94.75,94.05000305175781,95.05000305175781,94.81999969482422,95.30000305175781,95.36000061035156,94.62999725341797,94.12999725341797,93.9800033569336,93.80000305175781,93.44000244140625,93.31999969482422,93.5999984741211,93.0199966430664,93.05999755859375,94.06999969482422,93.72000122070312,93.69000244140625,93.94999694824219,94.62000274658203,94.61000061035156,94.80000305175781,93.9800033569336,93.41000366210938,93.16999816894531,93.48999786376953,93.51000213623047,93.3499984741211,93.4800033569336,93.58999633789062,93.37999725341797,93.08999633789062,93.18000030517578,92.83999633789062,92.7699966430664,92.08000183105469,92.44000244140625,91.76000213623047,91.7300033569336,91.31999969482422,91.56999969482422,91.58999633789062,90.61000061035156,89.86000061035156,90.43000030517578,90.5999984741211,90.06999969482422,91.22000122070312,91.04000091552734,91.54000091552734,90.66000366210938,91.23999786376953,90.69999694824219,89.80999755859375,89.38999938964844,88.94999694824219,89.47000122070312,89.88999938964844,90.05000305175781,89.26000213623047,89.94000244140625,90.08000183105469,89.77999877929688,89.58999633789062,90.37000274658203,90.93000030517578,91.62999725341797,91.0999984741211,91.62000274658203,91.98999786376953,91.08000183105469,91.18000030517578,91.12999725341797,92.5,91.77999877929688,92.47000122070312,92.52999877929688,92.66000366210938,92.77999877929688,92.75,92.2699966430664,92.97000122070312,93.37999725341797,93.87000274658203,93.41000366210938,94.04000091552734,93.6500015258789,94.30999755859375,94.69999694824219,94.55999755859375,93.94999694824219,93.95999908447266,94.16000366210938,95.55999755859375,96.06999969482422,95.98999786376953,95.77999877929688,95.95999908447266,96.43000030517578,96.27999877929688,96.19000244140625,96.25,97.0,96.62999725341797,96.38999938964844,96.02999877929688,96.26000213623047,95.68000030517578,95.33000183105469,95.6500015258789,95.61000061035156,95.45999908447266
MBB,93.19000244140625,93.80999755859375,93.62000274658203,94.83000183105469,95.11000061035156,94.72000122070312,95.37999725341797,96.05000305175781,95.61000061035156,95.38999938964844,96.38999938964844,96.12000274658203,95.81999969482422,95.5,95.9800033569336,96.2699966430664,95.94000244140625,95.97000122070312,95.55999755859375,95.87999725341797,96.44999694824219,96.43000030517578,95.66999816894531,94.83999633789062,94.76000213623047,95.0199966430664,94.66999816894531,94.25,94.56999969482422,94.04000091552734,94.0199966430664,93.69000244140625,93.8499984741211,92.79000091552734,93.12000274658203,93.37999725341797,92.80999755859375,93.05000305175781,93.01000213623047,92.06999969482422,91.69999694824219,92.48999786376953,92.30000305175781,92.06999969482422,92.05000305175781,92.45999908447266,93.20999908447266,94.12000274658203,93.66999816894531,94.62000274658203,94.19000244140625,95.08999633789062,94.30000305175781,94.12000274658203,95.37999725341797,95.44999694824219,95.5999984741211,94.41999816894531,94.13999938964844,94.41000366210938,94.45999908447266,94.7300033569336,94.9000015258789,95.47000122070312,95.73999786376953,95.48999786376953,94.55999755859375,94.9000015258789,95.12000274658203,95.05999755859375,94.43000030517578,93.87999725341797,93.94000244140625,93.94000244140625,94.48999786376953,94.19999694824219,94.58000183105469,95.18000030517578,94.69999694824219,94.41999816894531,94.87999725341797,93.69999694824219,94.68000030517578,95.30000305175781,95.0999984741211,94.81999969482422,94.33000183105469,94.16000366210938,94.83000183105469,95.16999816894531,94.5,94.29000091552734,94.08999633789062,94.05000305175781,93.58999633789062,93.20999908447266,93.26000213623047,93.29000091552734,92.98999786376953,92.54000091552734,92.58999633789062,93.41000366210938,93.9800033569336,93.87999725341797,93.36000061035156,93.30000305175781,93.5999984741211,93.16000366210938,93.62999725341797,93.41000366210938,93.58999633789062,93.12999725341797,93.1500015258789,93.86000061035156,93.56999969482422,93.5199966430664,93.7699966430664,93.2699966430664,93.63999938964844,93.87999725341797,93.6500015258789,93.87000274658203,93.05999755859375,93.2699966430664,92.70999908447266,92.20999908447266,91.5999984741211,91.61000061035156,91.83000183105469,92.16999816894531,93.05000305175781,93.80999755859375,93.23999786376953,93.55000305175781,93.54000091552734,93.72000122070312,93.05999755859375,93.16999816894531,93.05999755859375,92.94000244140625,93.30999755859375,92.48999786376953,92.87000274658203,92.91999816894531,92.01000213623047,91.61000061035156,90.9000015258789,91.73999786376953,91.70999908447266,92.04000091552734,92.25,91.5999984741211,91.1500015258789,91.01000213623047,90.72000122070312,90.47000122070312,90.51000213623047,90.66999816894531,90.12000274658203,90.16000366210938,91.19000244140625,90.8499984741211,90.91999816894531,91.11000061035156,91.80000305175781,91.73999786376953,91.9000015258789,91.1500015258789,90.4800033569336,90.37000274658203,90.68000030517578,90.7699966430664,90.68000030517578,90.75,91.05999755859375,90.88999938964844,90.63999938964844,90.75,90.45999908447266,90.36000061035156,89.55999755859375,90.06999969482422,89.12999725341797,89.04000091552734,88.51000213623047,89.04000091552734,88.80000305175781,87.5999984741211,86.62000274658203,87.41000366210938,87.70999908447266,87.31999969482422,88.30000305175781,88.2699966430664,88.55999755859375,87.61000061035156,87.94999694824219,87.41999816894531,86.73999786376953,86.18000030517578,85.81999969482422,86.05999755859375,86.2300033569336,86.7300033569336,85.91999816894531,86.73999786376953,86.76000213623047,86.45999908447266,86.62000274658203,87.45999908447266,87.93000030517578,88.91000366210938,88.33999633789062,88.93000030517578,89.19999694824219,88.33999633789062,88.58999633789062,88.52999877929688,89.86000061035156,89.19000244140625,89.76000213623047,90.05000305175781,90.06999969482422,90.27999877929688,90.25,89.58999633789062,90.25,90.69999694824219,91.12000274658203,90.8499984741211,91.47000122070312,91.08000183105469,91.55999755859375,91.80999755859375,91.95999908447266,91.58000183105469,91.62000274658203,91.77999877929688,93.1500015258789,93.6500015258789,93.33999633789062,93.0,93.22000122070312,93.6500015258789,93.7300033569336,93.62000274658203,93.87999725341797,94.55000305175781,94.19000244140625,94.08000183105469,93.52999877929688,93.6500015258789,93.13999938964844,92.97000122070312,93.4000015258789,93.25,93.19999694824219
SPMB,21.829999923706055,21.93000030517578,21.90999984741211,22.170000076293945,22.25,22.139999389648438,22.309999465942383,22.479999542236328,22.3799991607666,22.329999923706055,22.549999237060547,22.520000457763672,22.440000534057617,22.350000381469727,22.469999313354492,22.540000915527344,22.5,22.469999313354492,22.360000610351562,22.450000762939453,22.6200008392334,22.59000015258789,22.3799991607666,22.200000762939453,22.190000534057617,22.25,22.149999618530273,22.079999923706055,22.149999618530273,22.030000686645508,22.010000228881836,21.920000076293945,21.979999542236328,21.719999313354492,21.790000915527344,21.850000381469727,21.719999313354492,21.799999237060547,21.780000686645508,21.549999237060547,21.469999313354492,21.639999389648438,21.600000381469727,21.540000915527344,21.549999237060547,21.639999389648438,21.850000381469727,22.09000015258789,21.920000076293945,22.139999389648438,22.059999465942383,22.25,22.100000381469727,22.020000457763672,22.329999923706055,22.3700008392334,22.3799991607666,22.110000610351562,22.010000228881836,22.06999969482422,22.110000610351562,22.18000030517578,22.209999084472656,22.34000015258789,22.43000030517578,22.3700008392334,22.18000030517578,22.209999084472656,22.270000457763672,22.260000228881836,22.110000610351562,21.969999313354492,22.010000228881836,22.010000228881836,22.110000610351562,22.06999969482422,22.18000030517578,22.270000457763672,22.170000076293945,22.110000610351562,22.239999771118164,21.940000534057617,22.15999984741211,22.31999969482422,22.260000228881836,22.18000030517578,22.110000610351562,22.09000015258789,22.190000534057617,22.280000686645508,22.149999618530273,22.06999969482422,22.040000915527344,22.030000686645508,21.940000534057617,21.850000381469727,21.84000015258789,21.84000015258789,21.770000457763672,21.68000030517578,21.68000030517578,21.850000381469727,22.020000457763672,21.979999542236328,21.8700008392334,21.84000015258789,21.90999984741211,21.81999969482422,21.950000762939453,21.899999618530273,21.93000030517578,21.829999923706055,21.84000015258789,22.0,21.950000762939453,21.969999313354492,21.969999313354492,21.850000381469727,21.959999084472656,22.020000457763672,21.969999313354492,22.020000457763672,21.799999237060547,21.90999984741211,21.770000457763672,21.649999618530273,21.469999313354492,21.469999313354492,21.559999465942383,21.6200008392334,21.81999969482422,21.959999084472656,21.850000381469727,21.889999389648438,21.920000076293945,21.959999084472656,21.829999923706055,21.829999923706055,21.829999923706055,21.790000915527344,21.8799991607666,21.68000030517578,21.770000457763672,21.790000915527344,21.56999969482422,21.479999542236328,21.290000915527344,21.5,21.489999771118164,21.579999923706055,21.6299991607666,21.489999771118164,21.3700008392334,21.34000015258789,21.270000457763672,21.239999771118164,21.209999084472656,21.260000228881836,21.139999389648438,21.139999389648438,21.389999389648438,21.299999237060547,21.299999237060547,21.3799991607666,21.540000915527344,21.5,21.540000915527344,21.3799991607666,21.200000762939453,21.190000534057617,21.229999542236328,21.280000686645508,21.239999771118164,21.290000915527344,21.350000381469727,21.31999969482422,21.239999771118164,21.280000686645508,21.209999084472656,21.190000534057617,21.010000228881836,21.09000015258789,20.889999389648438,20.8700008392334,20.729999542236328,20.84000015258789,20.799999237060547,20.540000915527344,20.270000457763672,20.450000762939453,20.530000686645508,20.450000762939453,20.700000762939453,20.65999984741211,20.760000228881836,20.549999237060547,20.59000015258789,20.5,20.309999465942383,20.190000534057617,20.110000610351562,20.170000076293945,20.209999084472656,20.34000015258789,20.149999618530273,20.31999969482422,20.34000015258789,20.260000228881836,20.290000915527344,20.5,20.610000610351562,20.809999465942383,20.709999084472656,20.829999923706055,20.920000076293945,20.709999084472656,20.739999771118164,20.739999771118164,21.049999237060547,20.90999984741211,21.030000686645508,21.100000381469727,21.110000610351562,21.139999389648438,21.139999389648438,21.0,21.149999618530273,21.260000228881836,21.360000610351562,21.290000915527344,21.450000762939453,21.3799991607666,21.469999313354492,21.540000915527344,21.579999923706055,21.479999542236328,21.510000228881836,21.540000915527344,21.860000610351562,22.040000915527344,21.950000762939453,21.84000015258789,21.860000610351562,21.959999084472656,21.969999313354492,21.950000762939453,22.040000915527344,22.18000030517578,22.100000381469727,22.06999969482422,21.940000534057617,21.969999313354492,21.81999969482422,21.799999237060547,21.899999618530273,21.889999389648438,21.8799991607666
SCHP,51.93000030517578,51.970001220703125,51.970001220703125,52.41999816894531,52.59000015258789,52.38999938964844,52.619998931884766,53.0,52.61000061035156,52.45000076293945,52.810001373291016,53.119998931884766,52.84000015258789,52.79999923706055,53.09000015258789,53.20000076293945,53.220001220703125,53.09000015258789,52.83000183105469,52.810001373291016,53.22999954223633,53.130001068115234,52.66999816894531,52.41999816894531,52.56999969482422,52.849998474121094,52.56999969482422,52.369998931884766,52.439998626708984,52.29999923706055,52.29999923706055,52.15999984741211,52.29999923706055,52.04999923706055,52.029998779296875,52.150001525878906,51.84000015258789,51.91999816894531,52.119998931884766,51.93000030517578,51.9900016784668,52.5,52.25,51.91999816894531,51.68000030517578,51.810001373291016,52.54999923706055,52.849998474121094,52.689998626708984,53.290000915527344,52.709999084472656,52.84000015258789,52.900001525878906,52.79999923706055,53.45000076293945,53.619998931884766,53.45000076293945,53.04999923706055,53.18000030517578,53.279998779296875,53.349998474121094,53.61000061035156,53.630001068115234,53.790000915527344,53.90999984741211,54.02000045776367,53.66999816894531,53.75,53.75,53.63999938964844,53.43000030517578,53.16999816894531,53.209999084472656,53.16999816894531,53.36000061035156,53.36000061035156,53.58000183105469,53.88999938964844,53.689998626708984,53.4900016784668,53.540000915527344,52.970001220703125,53.36000061035156,53.599998474121094,53.599998474121094,53.5,53.290000915527344,53.220001220703125,53.36000061035156,53.5,53.310001373291016,53.22999954223633,53.099998474121094,53.06999969482422,52.90999984741211,52.7599983215332,52.68000030517578,52.84000015258789,52.650001525878906,52.459999084472656,52.470001220703125,52.70000076293945,52.709999084472656,52.689998626708984,52.40999984741211,52.5,52.540000915527344,52.27000045776367,52.540000915527344,52.38999938964844,52.43000030517578,52.18000030517578,52.279998779296875,52.619998931884766,52.5099983215332,52.63999938964844,52.61000061035156,52.439998626708984,52.56999969482422,52.58000183105469,52.43000030517578,52.540000915527344,52.209999084472656,52.43000030517578,52.130001068115234,51.90999984741211,51.63999938964844,51.58000183105469,51.709999084472656,51.689998626708984,52.20000076293945,52.47999954223633,52.220001220703125,52.31999969482422,52.279998779296875,52.459999084472656,52.43000030517578,52.43000030517578,52.47999954223633,52.380001068115234,52.400001525878906,52.0099983215332,52.209999084472656,52.22999954223633,51.7599983215332,51.65999984741211,51.349998474121094,51.84000015258789,51.880001068115234,51.88999938964844,51.849998474121094,51.61000061035156,51.52000045776367,51.400001525878906,51.2400016784668,51.130001068115234,51.09000015258789,51.15999984741211,51.0099983215332,51.11000061035156,51.58000183105469,51.36000061035156,51.34000015258789,51.36000061035156,51.599998474121094,51.540000915527344,51.63999938964844,51.220001220703125,51.130001068115234,51.04999923706055,51.220001220703125,51.34000015258789,51.29999923706055,51.310001373291016,51.38999938964844,51.310001373291016,51.18000030517578,51.290000915527344,51.150001525878906,51.060001373291016,50.77000045776367,50.95000076293945,50.56999969482422,50.439998626708984,50.369998931884766,50.61000061035156,50.4900016784668,50.060001373291016,49.720001220703125,49.95000076293945,49.869998931884766,49.689998626708984,50.16999816894531,50.189998626708984,50.43000030517578,50.08000183105469,50.41999816894531,50.279998779296875,50.040000915527344,49.939998626708984,49.91999816894531,50.029998779296875,50.060001373291016,50.09000015258789,49.88999938964844,50.150001525878906,50.22999954223633,50.13999938964844,50.02000045776367,50.290000915527344,50.4900016784668,50.77000045776367,50.61000061035156,50.810001373291016,50.880001068115234,50.439998626708984,50.470001220703125,50.41999816894531,50.86000061035156,50.630001068115234,50.810001373291016,50.86000061035156,51.0099983215332,50.900001525878906,50.959999084472656,50.7400016784668,50.90999984741211,51.11000061035156,51.310001373291016,51.22999954223633,51.34000015258789,51.13999938964844,51.38999938964844,51.47999954223633,51.40999984741211,51.36000061035156,51.22999954223633,51.220001220703125,51.88999938964844,52.459999084472656,52.2599983215332,52.099998474121094,52.099998474121094,52.33000183105469,52.25,52.119998931884766,52.18000030517578,52.41999816894531,52.2400016784668,52.20000076293945,52.130001068115234,52.20000076293945,51.95000076293945,51.77000045776367,51.97999954223633,51.90999984741211,51.849998474121094
JMBS,45.599998474121094,45.849998474121094,45.75,46.349998474121094,46.52000045776367,46.380001068115234,46.689998626708984,46.939998626708984,46.790000915527344,46.709999084472656,47.06999969482422,47.099998474121094,46.97999954223633,46.84000015258789,47.0099983215332,47.150001525878906,47.040000915527344,47.06999969482422,46.869998931884766,47.060001373291016,47.279998779296875,47.310001373291016,46.900001525878906,46.5099983215332,46.540000915527344,46.65999984741211,46.52000045776367,46.31999969482422,46.459999084472656,46.209999084472656,46.18000030517578,46.02000045776367,46.09000015258789,45.59000015258789,45.7400016784668,45.84000015258789,45.61000061035156,45.630001068115234,45.650001525878906,45.189998626708984,45.02000045776367,45.349998474121094,45.31999969482422,45.20000076293945,45.15999984741211,45.380001068115234,45.81999969482422,46.310001373291016,46.040000915527344,46.439998626708984,46.400001525878906,46.689998626708984,46.349998474121094,46.150001525878906,46.7599983215332,46.880001068115234,46.90999984741211,46.380001068115234,46.2400016784668,46.349998474121094,46.459999084472656,46.689998626708984,46.650001525878906,46.900001525878906,47.0,46.880001068115234,46.58000183105469,46.619998931884766,46.720001220703125,46.66999816894531,46.40999984741211,46.150001525878906,46.18000030517578,46.18000030517578,46.369998931884766,46.310001373291016,46.47999954223633,46.75,46.529998779296875,46.41999816894531,46.66999816894531,46.0,46.5,46.81999969482422,46.65999984741211,46.540000915527344,46.380001068115234,46.279998779296875,46.56999969482422,46.65999984741211,46.369998931884766,46.349998474121094,46.2400016784668,46.220001220703125,45.939998626708984,45.7599983215332,45.79999923706055,45.79999923706055,45.65999984741211,45.439998626708984,45.43000030517578,45.810001373291016,45.970001220703125,45.970001220703125,45.7599983215332,45.7400016784668,45.81999969482422,45.65999984741211,45.86000061035156,45.7599983215332,45.90999984741211,45.619998931884766,45.66999816894531,45.91999816894531,45.88999938964844,45.880001068115234,45.970001220703125,45.77000045776367,45.86000061035156,46.04999923706055,45.93000030517578,46.040000915527344,45.810001373291016,45.7599983215332,45.47999954223633,45.290000915527344,44.970001220703125,44.90999984741211,45.09000015258789,45.2400016784668,45.630001068115234,45.86000061035156,45.599998474121094,45.810001373291016,45.779998779296875,45.880001068115234,45.65999984741211,45.70000076293945,45.630001068115234,45.529998779296875,45.7599983215332,45.349998474121094,45.529998779296875,45.54999923706055,45.09000015258789,44.97999954223633,44.599998474121094,44.97999954223633,45.0,45.09000015258789,45.189998626708984,44.880001068115234,44.63999938964844,44.56999969482422,44.43000030517578,44.33000183105469,44.25,44.369998931884766,44.13999938964844,44.099998474121094,44.599998474121094,44.439998626708984,44.470001220703125,44.59000015258789,44.90999984741211,44.84000015258789,44.93000030517578,44.59000015258789,44.27000045776367,44.189998626708984,44.34000015258789,44.41999816894531,44.34000015258789,44.439998626708984,44.5099983215332,44.43000030517578,44.33000183105469,44.36000061035156,44.18000030517578,44.18000030517578,43.77000045776367,44.02000045776367,43.54999923706055,43.529998779296875,43.27000045776367,43.45000076293945,43.400001525878906,42.79999923706055,42.349998474121094,42.709999084472656,42.810001373291016,42.61000061035156,43.11000061035156,43.0099983215332,43.15999984741211,42.7400016784668,42.90999984741211,42.63999938964844,42.290000915527344,42.02000045776367,41.84000015258789,41.939998626708984,42.09000015258789,42.27000045776367,41.900001525878906,42.2599983215332,42.31999969482422,42.189998626708984,42.22999954223633,42.560001373291016,42.91999816894531,43.33000183105469,43.08000183105469,43.380001068115234,43.52000045776367,43.08000183105469,43.189998626708984,43.20000076293945,43.84000015258789,43.54999923706055,43.83000183105469,43.95000076293945,43.97999954223633,44.040000915527344,44.09000015258789,43.779998779296875,44.13999938964844,44.34000015258789,44.58000183105469,44.41999816894531,44.689998626708984,44.58000183105469,44.77000045776367,44.88999938964844,44.95000076293945,44.790000915527344,44.869998931884766,44.939998626708984,45.5099983215332,45.900001525878906,45.7400016784668,45.59000015258789,45.689998626708984,45.88999938964844,45.91999816894531,45.7400016784668,45.86000061035156,46.150001525878906,45.95000076293945,45.939998626708984,45.65999984741211,45.810001373291016,45.470001220703125,45.38999938964844,45.599998474121094,45.58000183105469,45.52000045776367
BIV,74.70999908447266,75.13999938964844,75.02999877929688,75.9000015258789,76.12000274658203,75.83999633789062,76.23999786376953,76.8499984741211,76.58000183105469,76.4800033569336,77.2699966430664,77.13999938964844,76.76000213623047,76.5999984741211,76.91000366210938,76.95999908447266,76.83000183105469,76.66999816894531,76.47000122070312,76.83999633789062,77.23999786376953,77.30999755859375,76.5999984741211,75.91000366210938,75.83000183105469,75.95999908447266,75.66999816894531,75.36000061035156,75.5,75.18000030517578,74.98999786376953,74.77999877929688,74.94000244140625,74.22000122070312,74.30000305175781,74.61000061035156,74.23999786376953,74.37999725341797,74.37999725341797,73.75,73.56999969482422,74.0999984741211,74.02999877929688,73.9000015258789,73.80000305175781,74.16999816894531,75.23999786376953,75.86000061035156,75.41000366210938,76.29000091552734,75.87999725341797,76.48999786376953,76.16999816894531,75.7699966430664,76.52999877929688,77.0199966430664,77.19999694824219,76.33999633789062,76.19000244140625,76.16999816894531,76.30999755859375,76.73999786376953,76.93000030517578,77.2699966430664,77.44999694824219,77.47000122070312,76.95999908447266,76.86000061035156,77.0,77.0,76.66999816894531,76.27999877929688,76.33999633789062,76.1500015258789,76.47000122070312,76.37000274658203,76.73999786376953,77.33000183105469,77.0,76.58999633789062,77.13999938964844,76.12999725341797,76.94999694824219,77.30000305175781,77.37999725341797,76.98999786376953,76.56999969482422,76.48999786376953,77.05000305175781,77.18000030517578,76.80000305175781,76.63999938964844,76.41999816894531,76.27999877929688,75.91000366210938,75.68000030517578,75.62999725341797,75.69999694824219,75.55000305175781,75.12999725341797,75.25,75.73999786376953,76.0,76.02999877929688,75.58000183105469,75.5199966430664,75.55000305175781,75.05999755859375,75.45999908447266,75.23999786376953,75.4000015258789,74.95999908447266,75.05999755859375,75.58999633789062,75.33000183105469,75.4800033569336,75.5199966430664,75.22000122070312,75.41999816894531,75.54000091552734,75.3499984741211,75.62999725341797,75.06999969482422,75.2300033569336,74.80000305175781,74.5,73.88999938964844,73.88999938964844,74.2699966430664,74.41000366210938,75.06999969482422,75.62000274658203,75.25,75.31999969482422,75.43000030517578,75.66999816894531,75.19000244140625,75.26000213623047,75.0999984741211,75.0,75.25,74.5999984741211,74.8499984741211,74.98999786376953,74.4000015258789,74.22000122070312,73.81999969482422,74.4800033569336,74.36000061035156,74.6500015258789,74.68000030517578,74.22000122070312,73.88999938964844,73.77999877929688,73.62999725341797,73.37999725341797,73.27999877929688,73.51000213623047,73.12999725341797,73.16999816894531,73.83999633789062,73.66999816894531,73.5999984741211,73.7699966430664,74.30000305175781,74.2699966430664,74.38999938964844,73.87000274658203,73.48999786376953,73.29000091552734,73.5199966430664,73.5,73.41999816894531,73.44000244140625,73.55000305175781,73.47000122070312,73.30000305175781,73.33000183105469,73.12999725341797,73.05000305175781,72.63999938964844,72.88999938964844,72.48999786376953,72.43000030517578,72.11000061035156,72.27999877929688,72.30999755859375,71.58999633789062,71.11000061035156,71.51000213623047,71.5999984741211,71.2699966430664,72.08000183105469,72.0199966430664,72.2699966430664,71.72000122070312,72.05000305175781,71.69999694824219,71.08000183105469,70.75,70.48999786376953,70.8499984741211,71.1500015258789,71.2699966430664,70.80000305175781,71.2300033569336,71.26000213623047,71.05000305175781,71.0199966430664,71.54000091552734,71.97000122070312,72.48999786376953,72.08000183105469,72.41000366210938,72.66000366210938,72.06999969482422,72.20999908447266,72.19999694824219,73.18000030517578,72.79000091552734,73.26000213623047,73.31999969482422,73.44999694824219,73.51000213623047,73.55999755859375,73.26000213623047,73.75,74.05999755859375,74.41999816894531,74.11000061035156,74.55000305175781,74.26000213623047,74.66999816894531,74.87000274658203,74.86000061035156,74.4800033569336,74.45999908447266,74.68000030517578,75.68000030517578,76.25,76.18000030517578,76.04000091552734,76.12999725341797,76.44999694824219,76.38999938964844,76.18000030517578,76.19999694824219,76.73999786376953,76.5,76.37999725341797,76.05000305175781,76.0999984741211,75.7699966430664,75.5199966430664,75.79000091552734,75.81999969482422,75.7300033569336
MFLX,16.270000457763672,16.3799991607666,16.270000457763672,16.459999084472656,16.649999618530273,16.575000762939453,16.479999542236328,16.709999084472656,16.639999389648438,16.780000686645508,16.850000381469727,17.049999237060547,17.030000686645508,16.75,16.75,16.860000610351562,16.860000610351562,16.989999771118164,16.979999542236328,16.670000076293945,17.010000228881836,16.920000076293945,17.030000686645508,16.844999313354492,16.90999984741211,17.1200008392334,17.395000457763672,16.799999237060547,16.799999237060547,16.84000015258789,16.700000762939453,16.600000381469727,16.489999771118164,16.5,16.34000015258789,16.34000015258789,16.350000381469727,16.389999389648438,16.399999618530273,16.3700008392334,16.3700008392334,16.260000228881836,16.329999923706055,16.329999923706055,16.375,16.399999618530273,16.510000228881836,16.5,16.510000228881836,16.540000915527344,16.5,16.600000381469727,16.440000534057617,16.440000534057617,16.459999084472656,16.489999771118164,16.479999542236328,16.510000228881836,16.489999771118164,16.524999618530273,16.559999465942383,16.559999465942383,16.549999237060547,16.690000534057617,16.809999465942383,16.760000228881836,16.8700008392334,16.850000381469727,16.860000610351562,16.850000381469727,16.809999465942383,16.809999465942383,16.56999969482422,16.530000686645508,16.56999969482422,16.579999923706055,16.5,16.600000381469727,16.579999923706055,16.600000381469727,16.600000381469727,16.549999237060547,16.559999465942383,16.639999389648438,16.670000076293945,16.610000610351562,16.709999084472656,16.639999389648438,16.639999389648438,16.709999084472656,16.610000610351562,16.670000076293945,16.65999984741211,16.65999984741211,16.5,16.479999542236328,16.40999984741211,16.40999984741211,16.229999542236328,16.309999465942383,16.299999237060547,16.299999237060547,16.309999465942383,16.454999923706055,16.549999237060547,16.510000228881836,16.459999084472656,16.454999923706055,16.475000381469727,16.479999542236328,16.55500030517578,16.469999313354492,16.459999084472656,16.540000915527344,16.6299991607666,16.540000915527344,16.6200008392334,16.639999389648438,16.600000381469727,16.610000610351562,16.579999923706055,16.59000015258789,16.530000686645508,16.545000076293945,16.450000762939453,16.5,16.540000915527344,16.43000030517578,16.4950008392334,16.56999969482422,16.469999313354492,16.614999771118164,16.559999465942383,16.530000686645508,16.64900016784668,16.56999969482422,16.56999969482422,16.690000534057617,16.649999618530273,16.690000534057617,16.635000228881836,16.57900047302246,16.684999465942383,16.579999923706055,16.420000076293945,16.04199981689453,16.295000076293945,16.264999389648438,16.18000030517578,16.450000762939453,16.275999069213867,16.440000534057617,16.15999984741211,16.440000534057617,16.25,16.334999084472656,16.239999771118164,16.334999084472656,16.2549991607666,16.2549991607666,16.2549991607666,16.309999465942383,16.170000076293945,15.970000267028809,16.34000015258789,16.1200008392334,15.890000343322754,16.100000381469727,16.229999542236328,15.949999809265137,16.270000457763672,16.110000610351562,16.15999984741211,15.854999542236328,16.149999618530273,16.204999923706055,15.970000267028809,16.149999618530273,16.15999984741211,15.979999542236328,16.200000762939453,15.850000381469727,15.84000015258789,16.079999923706055,16.06999969482422,15.9399995803833,15.739999771118164,15.850000381469727,15.829999923706055,15.954999923706055,15.880000114440918,15.880000114440918,15.479999542236328,15.680000305175781,15.720000267028809,15.8149995803833,15.880000114440918,15.859999656677246,15.329999923706055,15.609999656677246,15.619999885559082,15.229999542236328,15.399999618530273,15.5,15.5,15.65999984741211,15.600000381469727,15.600000381469727,15.600000381469727,15.600000381469727,15.715999603271484,15.805000305175781,15.739999771118164,15.819999694824219,15.699999809265137,15.699999809265137,15.75,15.765000343322754,15.774999618530273,15.75,16.1200008392334,16.079999923706055,16.1200008392334,16.239999771118164,16.190000534057617,16.270000457763672,16.299999237060547,16.229999542236328,16.360000610351562,16.290000915527344,16.309999465942383,16.56999969482422,16.520000457763672,16.56999969482422,16.6200008392334,16.600000381469727,16.6200008392334,16.639999389648438,16.59000015258789,16.709999084472656,16.73900032043457,16.969999313354492,16.90999984741211,16.979999542236328,16.8799991607666,16.969999313354492,16.950000762939453,17.065000534057617,16.8799991607666,17.059999465942383,16.899999618530273,17.010000228881836,17.045000076293945,17.06999969482422,16.90999984741211,17.0,16.93000030517578
JCPB,46.16999816894531,46.380001068115234,46.38999938964844,46.779998779296875,46.97999954223633,46.88999938964844,47.119998931884766,47.470001220703125,47.459999084472656,47.369998931884766,47.70000076293945,47.689998626708984,47.47999954223633,47.400001525878906,47.529998779296875,47.61000061035156,47.59000015258789,47.5099983215332,47.40999984741211,47.59000015258789,47.72999954223633,47.88999938964844,47.595001220703125,47.209999084472656,47.08000183105469,47.13999938964844,47.040000915527344,46.84000015258789,46.869998931884766,46.7599983215332,46.63999938964844,46.47999954223633,46.540000915527344,46.224998474121094,46.279998779296875,46.439998626708984,46.2400016784668,46.279998779296875,46.29999923706055,45.97999954223633,45.84000015258789,46.13999938964844,46.125,46.06999969482422,46.025001525878906,46.11000061035156,46.58000183105469,46.970001220703125,46.83000183105469,47.060001373291016,47.029998779296875,47.36000061035156,47.13999938964844,46.9900016784668,47.2599983215332,47.459999084472656,47.529998779296875,47.20000076293945,47.060001373291016,47.060001373291016,47.16999816894531,47.38999938964844,47.439998626708984,47.599998474121094,47.720001220703125,47.75,47.52000045776367,47.47999954223633,47.5099983215332,47.52000045776367,47.31999969482422,47.09000015258789,47.130001068115234,47.060001373291016,47.189998626708984,47.17499923706055,47.29999923706055,47.58000183105469,47.470001220703125,47.31999969482422,47.529998779296875,47.02000045776367,47.310001373291016,47.54999923706055,47.55500030517578,47.43000030517578,47.15999984741211,47.099998474121094,47.32500076293945,47.5099983215332,47.040000915527344,47.22999954223633,47.13999938964844,47.02000045776367,46.84000015258789,46.70000076293945,46.65999984741211,46.689998626708984,46.58000183105469,46.40999984741211,46.439998626708984,46.665000915527344,46.849998474121094,46.810001373291016,46.689998626708984,46.630001068115234,46.689998626708984,46.474998474121094,46.61000061035156,46.59000015258789,46.630001068115234,46.47999954223633,46.470001220703125,46.65999984741211,46.65999984741211,46.70500183105469,46.7400016784668,46.58000183105469,46.625,46.7400016784668,46.689998626708984,46.75,46.47999954223633,46.58000183105469,46.375,46.17499923706055,45.91999816894531,45.880001068115234,45.974998474121094,46.05799865722656,46.369998931884766,46.72999954223633,46.599998474121094,46.61000061035156,46.68000030517578,46.790000915527344,46.59000015258789,46.584999084472656,46.52000045776367,46.459999084472656,46.52000045776367,46.22999954223633,46.310001373291016,46.380001068115234,46.03499984741211,45.869998931884766,45.61000061035156,45.93000030517578,45.880001068115234,46.060001373291016,46.1150016784668,45.84000015258789,45.709999084472656,45.599998474121094,45.560001373291016,45.41999816894531,45.34000015258789,45.43000030517578,45.22999954223633,45.275001525878906,45.654998779296875,45.560001373291016,45.54999923706055,45.630001068115234,45.939998626708984,45.91999816894531,46.029998779296875,45.630001068115234,45.380001068115234,45.310001373291016,45.40999984741211,45.474998474121094,45.40999984741211,45.45500183105469,45.5099983215332,45.43000030517578,45.349998474121094,45.38999938964844,45.27000045776367,45.255001068115234,44.96500015258789,45.099998474121094,44.810001373291016,44.7599983215332,44.56999969482422,44.71500015258789,44.66999816894531,44.20000076293945,43.86000061035156,44.130001068115234,44.150001525878906,43.970001220703125,44.400001525878906,44.3849983215332,44.58000183105469,44.16999816894531,44.400001525878906,44.20000076293945,43.86000061035156,43.689998626708984,43.4900016784668,43.61000061035156,43.81999969482422,43.97999954223633,43.63999938964844,43.97999954223633,43.93000030517578,43.849998474121094,43.810001373291016,44.08000183105469,44.349998474121094,44.63999938964844,44.43000030517578,44.630001068115234,44.790000915527344,44.45000076293945,44.560001373291016,44.400001525878906,45.029998779296875,44.810001373291016,45.09000015258789,45.130001068115234,45.209999084472656,45.25,45.290000915527344,45.10499954223633,45.349998474121094,45.56999969482422,45.834999084472656,45.68000030517578,45.84000015258789,45.7400016784668,46.02000045776367,46.189998626708984,46.15999984741211,45.95000076293945,45.95000076293945,46.040000915527344,46.619998931884766,47.06999969482422,47.02000045776367,46.94499969482422,47.0,47.18000030517578,47.13999938964844,47.099998474121094,47.16999816894531,47.474998474121094,47.18000030517578,47.084999084472656,46.88999938964844,46.91999816894531,46.68000030517578,46.59000015258789,46.77000045776367,46.720001220703125,46.72999954223633
FLMI,23.469999313354492,23.575000762939453,23.565000534057617,23.69499969482422,23.760000228881836,23.72800064086914,23.829999923706055,23.96500015258789,23.899999618530273,23.9950008392334,24.139999389648438,24.135000228881836,24.059999465942383,24.100000381469727,24.100000381469727,24.11400032043457,24.104999542236328,24.100000381469727,24.059999465942383,24.141000747680664,24.149999618530273,24.200000762939453,24.128000259399414,24.0,24.0049991607666,24.020000457763672,23.975000381469727,24.0049991607666,24.030000686645508,23.920000076293945,23.92300033569336,23.7549991607666,23.670000076293945,23.549999237060547,23.540000915527344,23.614999771118164,23.530000686645508,23.59000015258789,23.55500030517578,23.469999313354492,23.466999053955078,23.469999313354492,23.5,23.450000762939453,23.520000457763672,23.559999465942383,23.610000610351562,23.729999542236328,23.6200008392334,23.774999618530273,23.735000610351562,23.809999465942383,23.709999084472656,23.700000762939453,23.760000228881836,23.795000076293945,23.871999740600586,23.78499984741211,23.80500030517578,23.854999542236328,23.895000457763672,23.920000076293945,23.8700008392334,23.950000762939453,24.030000686645508,24.075000762939453,24.0,24.104999542236328,24.1299991607666,24.06999969482422,24.020000457763672,24.049999237060547,23.8700008392334,23.774999618530273,23.809999465942383,23.81999969482422,23.850000381469727,23.940000534057617,23.920000076293945,23.854999542236328,23.934999465942383,23.834999084472656,23.8700008392334,23.895000457763672,23.969999313354492,23.959999084472656,23.94499969482422,23.940000534057617,23.954999923706055,23.979999542236328,23.97800064086914,23.90999984741211,23.895000457763672,23.8799991607666,23.799999237060547,23.738000869750977,23.6200008392334,23.625,23.549999237060547,23.610000610351562,23.635000228881836,23.75,23.809999465942383,23.780000686645508,23.670000076293945,23.81999969482422,23.80500030517578,23.75,23.75,23.71500015258789,23.770000457763672,23.709999084472656,23.764999389648438,23.8700008392334,23.825000762939453,23.8799991607666,23.899999618530273,23.780000686645508,23.90999984741211,23.90999984741211,23.899999618530273,23.950000762939453,23.850000381469727,23.899999618530273,23.809999465942383,23.809999465942383,23.709999084472656,23.68000030517578,23.75,23.725000381469727,23.78499984741211,23.825000762939453,23.850000381469727,23.889999389648438,23.899999618530273,23.913000106811523,23.969999313354492,23.979999542236328,23.9950008392334,23.899999618530273,23.979999542236328,23.899999618530273,23.899999618530273,23.93000030517578,23.80500030517578,23.739999771118164,23.549999237060547,23.600000381469727,23.59000015258789,23.709999084472656,23.719999313354492,23.700000762939453,23.649999618530273,23.690000534057617,23.690000534057617,23.69499969482422,23.600000381469727,23.540000915527344,23.5,23.530000686645508,23.549999237060547,23.5,23.527999877929688,23.510000228881836,23.610000610351562,23.579999923706055,23.610000610351562,23.5,23.43000030517578,23.469999313354492,23.457000732421875,23.510000228881836,23.459999084472656,23.5,23.489999771118164,23.420000076293945,23.420000076293945,23.479999542236328,23.399999618530273,23.40999984741211,23.239999771118164,23.2450008392334,23.114999771118164,23.049999237060547,23.0,22.920000076293945,22.950000762939453,22.799999237060547,22.670000076293945,22.719999313354492,22.770000457763672,22.670000076293945,22.790000915527344,22.780000686645508,22.93000030517578,22.889999389648438,22.950000762939453,22.770000457763672,22.700000762939453,22.690000534057617,22.510000228881836,22.625,22.639999389648438,22.68000030517578,22.520000457763672,22.65999984741211,22.649999618530273,22.584999084472656,22.6200008392334,22.549999237060547,22.719999313354492,22.920000076293945,22.899999618530273,22.969999313354492,23.010000228881836,23.010000228881836,23.079999923706055,23.110000610351562,23.200000762939453,23.209999084472656,23.209999084472656,23.31999969482422,23.399999618530273,23.420000076293945,23.450000762939453,23.479999542236328,23.459999084472656,23.56999969482422,23.760000228881836,23.65999984741211,23.709999084472656,23.709999084472656,23.709999084472656,23.799999237060547,23.860000610351562,23.84000015258789,23.81999969482422,23.8799991607666,23.920000076293945,24.1299991607666,24.100000381469727,24.059999465942383,24.079999923706055,24.170000076293945,24.170000076293945,24.100000381469727,24.209999084472656,24.280000686645508,24.229999542236328,24.260000228881836,24.19499969482422,24.2450008392334,24.200000762939453,24.200000762939453,24.239999771118164,24.219999313354492,24.209999084472656
FBND,45.22999954223633,45.459999084472656,45.380001068115234,45.900001525878906,45.970001220703125,45.88999938964844,46.16999816894531,46.41999816894531,46.34000015258789,46.310001373291016,46.720001220703125,46.599998474121094,46.459999084472656,46.33000183105469,46.529998779296875,46.66999816894531,46.560001373291016,46.36000061035156,46.25,46.66999816894531,46.720001220703125,46.79999923706055,46.439998626708984,46.11000061035156,46.08000183105469,46.150001525878906,45.97999954223633,45.7599983215332,45.86000061035156,45.779998779296875,45.68000030517578,45.470001220703125,45.59000015258789,45.16999816894531,45.25,45.43000030517578,45.040000915527344,45.119998931884766,45.13999938964844,44.900001525878906,44.84000015258789,45.130001068115234,45.119998931884766,45.0,45.0,45.08000183105469,45.54999923706055,45.70000076293945,45.54999923706055,45.7599983215332,45.65999984741211,45.90999984741211,45.7599983215332,45.720001220703125,46.060001373291016,46.150001525878906,46.20000076293945,45.81999969482422,45.7599983215332,45.61000061035156,45.7599983215332,46.0,46.25,46.36000061035156,46.40999984741211,46.43000030517578,46.189998626708984,46.16999816894531,46.2599983215332,46.25,46.06999969482422,45.81999969482422,45.939998626708984,45.880001068115234,45.97999954223633,45.959999084472656,46.150001525878906,46.36000061035156,46.06999969482422,45.90999984741211,46.150001525878906,45.70000076293945,46.09000015258789,46.22999954223633,46.20000076293945,46.04999923706055,45.81999969482422,45.779998779296875,46.0099983215332,46.16999816894531,45.959999084472656,45.810001373291016,45.720001220703125,45.689998626708984,45.540000915527344,45.459999084472656,45.40999984741211,45.40999984741211,45.279998779296875,45.13999938964844,45.08000183105469,45.380001068115234,45.4900016784668,45.65999984741211,45.5,45.41999816894531,45.5099983215332,45.2400016784668,45.459999084472656,45.45000076293945,45.459999084472656,45.34000015258789,45.38999938964844,45.599998474121094,45.54999923706055,45.61000061035156,45.65999984741211,45.5,45.560001373291016,45.66999816894531,45.560001373291016,45.5099983215332,45.2599983215332,45.41999816894531,45.2599983215332,45.119998931884766,44.77000045776367,44.79999923706055,44.900001525878906,45.04999923706055,45.34000015258789,45.650001525878906,45.459999084472656,45.4900016784668,45.61000061035156,45.70000076293945,45.5,45.529998779296875,45.47999954223633,45.400001525878906,45.540000915527344,45.060001373291016,45.189998626708984,45.2599983215332,44.970001220703125,44.869998931884766,44.619998931884766,44.93000030517578,44.849998474121094,44.959999084472656,45.060001373291016,44.849998474121094,44.689998626708984,44.599998474121094,44.529998779296875,44.380001068115234,44.33000183105469,44.43000030517578,44.18000030517578,44.27000045776367,44.689998626708984,44.560001373291016,44.58000183105469,44.63999938964844,44.77000045776367,44.75,44.84000015258789,44.63999938964844,44.369998931884766,44.310001373291016,44.459999084472656,44.4900016784668,44.400001525878906,44.41999816894531,44.540000915527344,44.459999084472656,44.380001068115234,44.40999984741211,44.290000915527344,44.27000045776367,43.959999084472656,44.11000061035156,43.81999969482422,43.7400016784668,43.43000030517578,43.560001373291016,43.560001373291016,43.2599983215332,42.880001068115234,43.13999938964844,43.15999984741211,43.040000915527344,43.45000076293945,43.40999984741211,43.59000015258789,43.2400016784668,43.45000076293945,43.209999084472656,42.900001525878906,42.689998626708984,42.52000045776367,42.689998626708984,42.810001373291016,43.0,42.689998626708984,43.0,42.959999084472656,42.689998626708984,42.70000076293945,43.060001373291016,43.38999938964844,43.70000076293945,43.459999084472656,43.689998626708984,43.81999969482422,43.45000076293945,43.5,43.5099983215332,44.099998474121094,43.779998779296875,44.060001373291016,44.130001068115234,44.220001220703125,44.279998779296875,44.29999923706055,44.130001068115234,44.369998931884766,44.40999984741211,44.63999938964844,44.439998626708984,44.880001068115234,44.709999084472656,44.959999084472656,45.08000183105469,45.11000061035156,44.880001068115234,44.849998474121094,45.0,45.58000183105469,45.970001220703125,45.880001068115234,45.790000915527344,45.91999816894531,46.09000015258789,46.08000183105469,46.06999969482422,46.11000061035156,46.20000076293945,46.099998474121094,46.040000915527344,45.7599983215332,45.81999969482422,45.59000015258789,45.5,45.63999938964844,45.619998931884766,45.630001068115234
MMIN,23.8799991607666,24.020000457763672,24.040000915527344,24.110000610351562,24.170000076293945,24.209999084472656,24.329999923706055,24.459999084472656,24.44300079345703,24.5,24.6299991607666,24.6200008392334,24.600000381469727,24.520000457763672,24.600000381469727,24.6200008392334,24.59000015258789,24.559999465942383,24.579999923706055,24.610000610351562,24.6200008392334,24.700000762939453,24.59000015258789,24.489999771118164,24.40999984741211,24.479999542236328,24.3700008392334,24.360000610351562,24.360000610351562,24.31999969482422,24.260000228881836,24.040000915527344,23.979999542236328,23.84000015258789,23.8799991607666,23.84000015258789,23.760000228881836,23.860000610351562,23.8799991607666,23.739999771118164,23.690000534057617,23.719999313354492,23.75,23.760000228881836,23.719999313354492,23.825000762939453,23.950000762939453,24.079999923706055,24.030000686645508,24.174999237060547,24.139999389648438,24.274999618530273,24.1299991607666,24.06999969482422,24.219999313354492,24.25,24.309999465942383,24.260000228881836,24.280000686645508,24.30299949645996,24.40999984741211,24.420000076293945,24.399999618530273,24.3799991607666,24.540000915527344,24.549999237060547,24.5,24.559999465942383,24.649999618530273,24.56999969482422,24.5,24.5,24.299999237060547,24.200000762939453,24.229999542236328,24.19499969482422,24.274999618530273,24.354999542236328,24.28499984741211,24.2450008392334,24.32900047302246,24.15999984741211,24.2810001373291,24.315000534057617,24.354999542236328,24.364999771118164,24.31999969482422,24.30699920654297,24.3700008392334,24.354999542236328,24.329999923706055,24.299999237060547,24.264999389648438,24.229999542236328,24.079999923706055,23.959999084472656,23.885000228881836,23.84000015258789,23.829999923706055,23.829999923706055,23.899999618530273,24.020000457763672,24.06999969482422,24.06999969482422,24.0,24.09000015258789,24.09000015258789,24.040000915527344,24.07900047302246,24.059999465942383,24.075000762939453,24.100000381469727,24.139999389648438,24.145000457763672,24.15999984741211,24.204999923706055,24.219999313354492,24.15999984741211,24.260000228881836,24.209999084472656,24.225000381469727,24.280000686645508,24.184999465942383,24.209999084472656,24.135000228881836,24.100000381469727,24.024999618530273,24.020000457763672,24.003000259399414,24.040000915527344,24.09000015258789,24.190000534057617,24.200000762939453,24.2189998626709,24.25,24.350000381469727,24.260000228881836,24.280000686645508,24.315000534057617,24.329999923706055,24.350000381469727,24.190000534057617,24.190000534057617,24.139999389648438,24.100000381469727,23.950000762939453,23.760000228881836,23.8700008392334,23.75,23.829999923706055,23.90999984741211,23.829999923706055,23.81999969482422,23.889999389648438,23.829999923706055,23.809999465942383,23.739999771118164,23.68000030517578,23.56999969482422,23.59000015258789,23.639999389648438,23.59000015258789,23.600000381469727,23.610000610351562,23.639999389648438,23.649999618530273,23.690000534057617,23.579999923706055,23.520000457763672,23.559999465942383,23.5,23.540000915527344,23.5,23.479999542236328,23.530000686645508,23.450000762939453,23.450000762939453,23.479999542236328,23.450000762939453,23.440000534057617,23.200000762939453,23.25,23.010000228881836,23.0,22.950000762939453,22.825000762939453,22.850000381469727,22.690000534057617,22.56999969482422,22.6299991607666,22.719999313354492,22.5,22.709999084472656,22.75,22.885000228881836,22.84000015258789,22.920000076293945,22.7549991607666,22.6200008392334,22.559999465942383,22.40999984741211,22.43000030517578,22.450000762939453,22.450000762939453,22.3700008392334,22.450000762939453,22.440000534057617,22.450000762939453,22.3700008392334,22.389999389648438,22.610000610351562,22.81999969482422,22.770000457763672,22.950000762939453,22.989999771118164,22.93000030517578,23.079999923706055,23.09000015258789,23.290000915527344,23.239999771118164,23.34000015258789,23.399999618530273,23.479999542236328,23.510000228881836,23.600000381469727,23.575000762939453,23.649999618530273,23.719999313354492,23.8700008392334,23.8700008392334,24.020000457763672,23.899999618530273,24.0,24.049999237060547,24.09000015258789,24.049999237060547,24.049999237060547,24.030000686645508,24.200000762939453,24.434999465942383,24.424999237060547,24.399999618530273,24.430999755859375,24.520000457763672,24.530000686645508,24.579999923706055,24.549999237060547,24.670000076293945,24.520000457763672,24.559999465942383,24.520000457763672,24.530000686645508,24.510000228881836,24.5,24.559999465942383,24.586000442504883,24.549999237060547
SCHR,49.43000030517578,49.63999938964844,49.56999969482422,50.040000915527344,50.13999938964844,49.9900016784668,50.15999984741211,50.4900016784668,50.31999969482422,50.27000045776367,50.72999954223633,50.650001525878906,50.43000030517578,50.290000915527344,50.45000076293945,50.5,50.369998931884766,50.31999969482422,50.20000076293945,50.369998931884766,50.54999923706055,50.560001373291016,50.130001068115234,49.7599983215332,49.72999954223633,49.83000183105469,49.66999816894531,49.52000045776367,49.58000183105469,49.369998931884766,49.310001373291016,49.22999954223633,49.33000183105469,48.970001220703125,49.02000045776367,49.15999984741211,48.90999984741211,49.0099983215332,49.040000915527344,48.66999816894531,48.54999923706055,48.77000045776367,48.720001220703125,48.63999938964844,48.61000061035156,48.88999938964844,49.540000915527344,50.13999938964844,49.790000915527344,50.400001525878906,50.0,50.5,50.31999969482422,49.97999954223633,50.4900016784668,50.779998779296875,50.77000045776367,50.29999923706055,50.22999954223633,50.15999984741211,50.22999954223633,50.43000030517578,50.47999954223633,50.7400016784668,50.869998931884766,50.88999938964844,50.5099983215332,50.47999954223633,50.619998931884766,50.54999923706055,50.33000183105469,50.130001068115234,50.13999938964844,50.06999969482422,50.290000915527344,50.20000076293945,50.380001068115234,50.79999923706055,50.65999984741211,50.38999938964844,50.63999938964844,50.13999938964844,50.619998931884766,50.90999984741211,50.959999084472656,50.720001220703125,50.52000045776367,50.4900016784668,50.790000915527344,50.88999938964844,50.650001525878906,50.619998931884766,50.5,50.33000183105469,50.09000015258789,49.95000076293945,49.900001525878906,49.95000076293945,49.849998474121094,49.56999969482422,49.560001373291016,49.880001068115234,50.0,50.0099983215332,49.689998626708984,49.70000076293945,49.709999084472656,49.470001220703125,49.709999084472656,49.560001373291016,49.619998931884766,49.349998474121094,49.369998931884766,49.63999938964844,49.47999954223633,49.56999969482422,49.58000183105469,49.40999984741211,49.52000045776367,49.619998931884766,49.45000076293945,49.599998474121094,49.25,49.279998779296875,48.9900016784668,48.869998931884766,48.599998474121094,48.61000061035156,48.83000183105469,48.869998931884766,49.2400016784668,49.59000015258789,49.369998931884766,49.43000030517578,49.439998626708984,49.54999923706055,49.290000915527344,49.29999923706055,49.189998626708984,49.130001068115234,49.2599983215332,48.93000030517578,49.060001373291016,49.099998474121094,48.810001373291016,48.79999923706055,48.599998474121094,48.970001220703125,48.91999816894531,49.06999969482422,49.060001373291016,48.81999969482422,48.630001068115234,48.560001373291016,48.5099983215332,48.38999938964844,48.41999816894531,48.5,48.290000915527344,48.279998779296875,48.59000015258789,48.5,48.45000076293945,48.540000915527344,48.810001373291016,48.79999923706055,48.900001525878906,48.61000061035156,48.43000030517578,48.290000915527344,48.439998626708984,48.41999816894531,48.38999938964844,48.400001525878906,48.45000076293945,48.38999938964844,48.310001373291016,48.310001373291016,48.16999816894531,48.119998931884766,47.970001220703125,48.11000061035156,47.91999816894531,47.93000030517578,47.779998779296875,47.91999816894531,47.939998626708984,47.56999969482422,47.34000015258789,47.54999923706055,47.63999938964844,47.459999084472656,47.880001068115234,47.810001373291016,47.91999816894531,47.650001525878906,47.810001373291016,47.63999938964844,47.310001373291016,47.18000030517578,47.09000015258789,47.310001373291016,47.45000076293945,47.459999084472656,47.22999954223633,47.4900016784668,47.560001373291016,47.45000076293945,47.40999984741211,47.619998931884766,47.75,48.06999969482422,47.869998931884766,48.02000045776367,48.099998474121094,47.79999923706055,47.81999969482422,47.83000183105469,48.349998474121094,48.09000015258789,48.349998474121094,48.31999969482422,48.36000061035156,48.41999816894531,48.40999984741211,48.25,48.47999954223633,48.689998626708984,48.86000061035156,48.720001220703125,48.900001525878906,48.75,48.959999084472656,49.04999923706055,49.040000915527344,48.779998779296875,48.779998779296875,48.86000061035156,49.43000030517578,49.689998626708984,49.4900016784668,49.41999816894531,49.47999954223633,49.65999984741211,49.63999938964844,49.63999938964844,49.619998931884766,49.869998931884766,49.77000045776367,49.720001220703125,49.59000015258789,49.650001525878906,49.470001220703125,49.369998931884766,49.47999954223633,49.47999954223633,49.439998626708984
TDTF,23.690000534057617,23.709999084472656,23.68000030517578,23.90999984741211,23.950000762939453,23.8799991607666,23.950000762939453,24.1299991607666,24.010000228881836,23.950000762939453,24.079999923706055,24.219999313354492,24.110000610351562,24.079999923706055,24.18000030517578,24.219999313354492,24.209999084472656,24.170000076293945,24.06999969482422,24.09000015258789,24.290000915527344,24.260000228881836,24.020000457763672,23.889999389648438,23.959999084472656,24.059999465942383,23.950000762939453,23.8799991607666,23.899999618530273,23.790000915527344,23.829999923706055,23.790000915527344,23.790000915527344,23.690000534057617,23.68000030517578,23.75,23.59000015258789,23.639999389648438,23.719999313354492,23.6299991607666,23.670000076293945,23.8799991607666,23.790000915527344,23.579999923706055,23.5,23.579999923706055,23.8799991607666,24.079999923706055,23.989999771118164,24.309999465942383,24.0,24.1200008392334,24.1200008392334,24.040000915527344,24.389999389648438,24.510000228881836,24.40999984741211,24.239999771118164,24.290000915527344,24.34000015258789,24.3700008392334,24.489999771118164,24.450000762939453,24.520000457763672,24.559999465942383,24.59000015258789,24.440000534057617,24.43000030517578,24.450000762939453,24.399999618530273,24.31999969482422,24.239999771118164,24.239999771118164,24.209999084472656,24.290000915527344,24.299999237060547,24.420000076293945,24.540000915527344,24.479999542236328,24.389999389648438,24.420000076293945,24.09000015258789,24.290000915527344,24.40999984741211,24.40999984741211,24.34000015258789,24.290000915527344,24.239999771118164,24.31999969482422,24.350000381469727,24.229999542236328,24.25,24.170000076293945,24.1299991607666,24.049999237060547,23.969999313354492,23.950000762939453,24.020000457763672,23.920000076293945,23.790000915527344,23.770000457763672,23.899999618530273,23.940000534057617,23.889999389648438,23.770000457763672,23.84000015258789,23.790000915527344,23.700000762939453,23.799999237060547,23.739999771118164,23.68000030517578,23.6200008392334,23.670000076293945,23.84000015258789,23.770000457763672,23.809999465942383,23.790000915527344,23.719999313354492,23.770000457763672,23.780000686645508,23.709999084472656,23.780000686645508,23.6200008392334,23.68000030517578,23.520000457763672,23.440000534057617,23.299999237060547,23.299999237060547,23.389999389648438,23.3799991607666,23.6200008392334,23.739999771118164,23.610000610351562,23.670000076293945,23.649999618530273,23.709999084472656,23.690000534057617,23.690000534057617,23.709999084472656,23.68000030517578,23.700000762939453,23.549999237060547,23.639999389648438,23.639999389648438,23.450000762939453,23.43000030517578,23.309999465942383,23.540000915527344,23.56999969482422,23.56999969482422,23.549999237060547,23.450000762939453,23.389999389648438,23.34000015258789,23.270000457763672,23.200000762939453,23.190000534057617,23.239999771118164,23.18000030517578,23.18000030517578,23.350000381469727,23.270000457763672,23.25,23.280000686645508,23.389999389648438,23.3700008392334,23.389999389648438,23.229999542236328,23.18000030517578,23.139999389648438,23.219999313354492,23.239999771118164,23.229999542236328,23.239999771118164,23.280000686645508,23.25,23.209999084472656,23.229999542236328,23.18000030517578,23.1200008392334,23.040000915527344,23.100000381469727,22.969999313354492,22.889999389648438,22.8700008392334,22.979999542236328,22.940000534057617,22.75,22.6200008392334,22.690000534057617,22.690000534057617,22.6299991607666,22.850000381469727,22.84000015258789,22.899999618530273,22.809999465942383,22.90999984741211,22.8700008392334,22.75,22.690000534057617,22.719999313354492,22.780000686645508,22.790000915527344,22.770000457763672,22.690000534057617,22.809999465942383,22.8799991607666,22.84000015258789,22.760000228881836,22.829999923706055,22.889999389648438,23.030000686645508,22.969999313354492,23.020000457763672,23.030000686645508,22.850000381469727,22.860000610351562,22.860000610351562,23.049999237060547,22.959999084472656,23.040000915527344,23.059999465942383,23.1200008392334,23.06999969482422,23.079999923706055,23.0,23.059999465942383,23.15999984741211,23.25,23.190000534057617,23.25,23.15999984741211,23.239999771118164,23.170000076293945,23.229999542236328,23.200000762939453,23.149999618530273,23.15999984741211,23.459999084472656,23.690000534057617,23.649999618530273,23.600000381469727,23.600000381469727,23.68000030517578,23.670000076293945,23.6299991607666,23.639999389648438,23.739999771118164,23.65999984741211,23.6299991607666,23.610000610351562,23.65999984741211,23.540000915527344,23.5,23.559999465942383,23.540000915527344,23.510000228881836
VGIT,58.709999084472656,58.970001220703125,58.880001068115234,59.45000076293945,59.560001373291016,59.380001068115234,59.61000061035156,60.0,59.77000045776367,59.72999954223633,60.2599983215332,60.150001525878906,59.900001525878906,59.75,59.939998626708984,60.0,59.86000061035156,59.77000045776367,59.63999938964844,59.869998931884766,60.06999969482422,60.08000183105469,59.58000183105469,59.150001525878906,59.09000015258789,59.22999954223633,59.040000915527344,58.86000061035156,58.93000030517578,58.66999816894531,58.59000015258789,58.5,58.630001068115234,58.20000076293945,58.27000045776367,58.400001525878906,58.119998931884766,58.25,58.290000915527344,57.86000061035156,57.720001220703125,57.97999954223633,57.90999984741211,57.83000183105469,57.779998779296875,58.13999938964844,58.88999938964844,59.599998474121094,59.189998626708984,59.90999984741211,59.459999084472656,60.040000915527344,59.83000183105469,59.40999984741211,60.029998779296875,60.38999938964844,60.369998931884766,59.810001373291016,59.720001220703125,59.63999938964844,59.709999084472656,59.959999084472656,60.04999923706055,60.369998931884766,60.52000045776367,60.529998779296875,60.08000183105469,60.04999923706055,60.22999954223633,60.130001068115234,59.88999938964844,59.599998474121094,59.65999984741211,59.560001373291016,59.81999969482422,59.72999954223633,59.939998626708984,60.439998626708984,60.279998779296875,59.939998626708984,60.27000045776367,59.68000030517578,60.25,60.59000015258789,60.650001525878906,60.36000061035156,60.11000061035156,60.060001373291016,60.43000030517578,60.540000915527344,60.27000045776367,60.220001220703125,60.08000183105469,59.88999938964844,59.61000061035156,59.41999816894531,59.380001068115234,59.439998626708984,59.31999969482422,58.9900016784668,58.97999954223633,59.349998474121094,59.5099983215332,59.529998779296875,59.13999938964844,59.150001525878906,59.13999938964844,58.880001068115234,59.150001525878906,58.959999084472656,59.060001373291016,58.75,58.7400016784668,59.099998474121094,58.880001068115234,58.97999954223633,59.0099983215332,58.79999923706055,58.91999816894531,59.040000915527344,58.86000061035156,59.040000915527344,58.61000061035156,58.65999984741211,58.36000061035156,58.189998626708984,57.869998931884766,57.869998931884766,58.13999938964844,58.18000030517578,58.630001068115234,59.04999923706055,58.779998779296875,58.86000061035156,58.88999938964844,59.0,58.689998626708984,58.70000076293945,58.58000183105469,58.5099983215332,58.65999984741211,58.2599983215332,58.43000030517578,58.47999954223633,58.150001525878906,58.130001068115234,57.900001525878906,58.34000015258789,58.27000045776367,58.439998626708984,58.43000030517578,58.16999816894531,57.93000030517578,57.81999969482422,57.790000915527344,57.65999984741211,57.65999984741211,57.7599983215332,57.529998779296875,57.4900016784668,57.900001525878906,57.77000045776367,57.70000076293945,57.810001373291016,58.150001525878906,58.130001068115234,58.2599983215332,57.91999816894531,57.70000076293945,57.540000915527344,57.720001220703125,57.689998626708984,57.65999984741211,57.66999816894531,57.75,57.66999816894531,57.56999969482422,57.56999969482422,57.40999984741211,57.349998474121094,57.16999816894531,57.33000183105469,57.11000061035156,57.119998931884766,56.93000030517578,57.11000061035156,57.150001525878906,56.709999084472656,56.439998626708984,56.70000076293945,56.81999969482422,56.599998474121094,57.11000061035156,57.0099983215332,57.13999938964844,56.810001373291016,57.0,56.790000915527344,56.400001525878906,56.25,56.150001525878906,56.41999816894531,56.56999969482422,56.59000015258789,56.29999923706055,56.61000061035156,56.709999084472656,56.56999969482422,56.52000045776367,56.79999923706055,56.959999084472656,57.33000183105469,57.08000183105469,57.27000045776367,57.369998931884766,57.0,57.0099983215332,57.02000045776367,57.650001525878906,57.349998474121094,57.65999984741211,57.630001068115234,57.66999816894531,57.7599983215332,57.72999954223633,57.540000915527344,57.81999969482422,58.060001373291016,58.279998779296875,58.119998931884766,58.349998474121094,58.15999984741211,58.41999816894531,58.540000915527344,58.5,58.20000076293945,58.20000076293945,58.29999923706055,58.970001220703125,59.27000045776367,59.209999084472656,59.130001068115234,59.189998626708984,59.400001525878906,59.38999938964844,59.209999084472656,59.209999084472656,59.5099983215332,59.369998931884766,59.31999969482422,59.130001068115234,59.25,59.02000045776367,58.88999938964844,59.02000045776367,59.040000915527344,58.97999954223633
SPTI,28.350000381469727,28.469999313354492,28.420000076293945,28.709999084472656,28.760000228881836,28.670000076293945,28.770000457763672,28.959999084472656,28.860000610351562,28.84000015258789,29.09000015258789,29.040000915527344,28.920000076293945,28.84000015258789,28.93000030517578,28.959999084472656,28.899999618530273,28.860000610351562,28.790000915527344,28.90999984741211,29.0,29.0,28.760000228881836,28.549999237060547,28.530000686645508,28.59000015258789,28.5,28.40999984741211,28.459999084472656,28.329999923706055,28.299999237060547,28.239999771118164,28.309999465942383,28.110000610351562,28.1299991607666,28.190000534057617,28.049999237060547,28.1200008392334,28.139999389648438,27.940000534057617,27.8700008392334,27.979999542236328,27.959999084472656,27.920000076293945,27.889999389648438,28.059999465942383,28.43000030517578,28.770000457763672,28.579999923706055,28.93000030517578,28.709999084472656,28.989999771118164,28.8799991607666,28.690000534057617,28.989999771118164,29.15999984741211,29.139999389648438,28.8799991607666,28.850000381469727,28.790000915527344,28.81999969482422,28.940000534057617,28.979999542236328,29.139999389648438,29.209999084472656,29.209999084472656,29.0,28.989999771118164,29.06999969482422,29.020000457763672,28.899999618530273,28.780000686645508,28.799999237060547,28.75,28.8700008392334,28.81999969482422,28.93000030517578,29.170000076293945,29.079999923706055,28.920000076293945,29.079999923706055,28.780000686645508,29.06999969482422,29.229999542236328,29.260000228881836,29.1200008392334,29.0,28.979999542236328,29.15999984741211,29.209999084472656,29.09000015258789,29.059999465942383,28.979999542236328,28.899999618530273,28.760000228881836,28.670000076293945,28.65999984741211,28.68000030517578,28.6200008392334,28.459999084472656,28.450000762939453,28.6299991607666,28.719999313354492,28.709999084472656,28.520000457763672,28.540000915527344,28.540000915527344,28.420000076293945,28.540000915527344,28.450000762939453,28.489999771118164,28.34000015258789,28.34000015258789,28.5,28.399999618530273,28.459999084472656,28.469999313354492,28.360000610351562,28.43000030517578,28.479999542236328,28.389999389648438,28.479999542236328,28.280000686645508,28.290000915527344,28.149999618530273,28.059999465942383,27.899999618530273,27.90999984741211,28.049999237060547,28.059999465942383,28.270000457763672,28.479999542236328,28.34000015258789,28.389999389648438,28.389999389648438,28.459999084472656,28.309999465942383,28.299999237060547,28.239999771118164,28.209999084472656,28.290000915527344,28.09000015258789,28.18000030517578,28.190000534057617,28.030000686645508,28.020000457763672,27.90999984741211,28.1200008392334,28.100000381469727,28.170000076293945,28.15999984741211,28.049999237060547,27.920000076293945,27.8799991607666,27.860000610351562,27.790000915527344,27.799999237060547,27.84000015258789,27.729999542236328,27.719999313354492,27.90999984741211,27.84000015258789,27.809999465942383,27.8799991607666,28.030000686645508,28.020000457763672,28.06999969482422,27.920000076293945,27.809999465942383,27.719999313354492,27.81999969482422,27.799999237060547,27.780000686645508,27.799999237060547,27.829999923706055,27.790000915527344,27.729999542236328,27.739999771118164,27.65999984741211,27.639999389648438,27.549999237060547,27.6200008392334,27.520000457763672,27.520000457763672,27.440000534057617,27.520000457763672,27.530000686645508,27.31999969482422,27.18000030517578,27.309999465942383,27.360000610351562,27.260000228881836,27.5,27.459999084472656,27.520000457763672,27.360000610351562,27.450000762939453,27.350000381469727,27.15999984741211,27.100000381469727,27.049999237060547,27.18000030517578,27.239999771118164,27.260000228881836,27.1299991607666,27.270000457763672,27.31999969482422,27.260000228881836,27.229999542236328,27.360000610351562,27.43000030517578,27.59000015258789,27.5,27.579999923706055,27.6299991607666,27.450000762939453,27.459999084472656,27.469999313354492,27.760000228881836,27.6200008392334,27.760000228881836,27.760000228881836,27.770000457763672,27.81999969482422,27.799999237060547,27.709999084472656,27.84000015258789,27.969999313354492,28.059999465942383,27.989999771118164,28.09000015258789,28.0,28.1299991607666,28.18000030517578,28.170000076293945,28.020000457763672,28.030000686645508,28.059999465942383,28.399999618530273,28.540000915527344,28.5,28.3799991607666,28.40999984741211,28.510000228881836,28.5,28.510000228881836,28.5,28.639999389648438,28.579999923706055,28.559999465942383,28.469999313354492,28.510000228881836,28.399999618530273,28.350000381469727,28.40999984741211,28.40999984741211,28.389999389648438
UITB,45.69499969482422,45.92300033569336,45.904998779296875,46.3650016784668,46.459999084472656,46.29399871826172,46.57699966430664,46.79100036621094,46.959999084472656,46.71900177001953,47.111000061035156,47.029998779296875,46.840999603271484,46.744998931884766,46.93000030517578,47.00400161743164,46.94599914550781,46.834999084472656,46.75,46.941001892089844,47.34000015258789,47.29999923706055,46.91600036621094,46.652000427246094,46.56999969482422,46.65399932861328,46.56999969482422,46.21500015258789,46.26499938964844,46.185001373291016,46.07899856567383,45.94300079345703,45.94499969482422,45.637001037597656,45.720001220703125,45.861000061035156,45.63199996948242,45.60599899291992,45.630001068115234,45.43000030517578,45.2599983215332,45.612998962402344,45.54999923706055,45.49300003051758,45.45000076293945,45.58000183105469,46.025001525878906,46.290000915527344,45.96500015258789,46.34000015258789,46.20000076293945,46.5099983215332,46.27000045776367,46.189998626708984,46.65999984741211,46.87799835205078,46.86000061035156,46.369998931884766,46.30699920654297,46.36600112915039,46.42499923706055,46.66699981689453,46.86600112915039,47.0099983215332,47.09000015258789,47.11000061035156,46.78099822998047,46.70800018310547,46.77000045776367,46.779998779296875,46.56999969482422,46.36000061035156,46.409000396728516,46.33000183105469,46.50600051879883,46.51499938964844,46.63600158691406,46.95199966430664,46.83700180053711,46.67499923706055,47.016998291015625,46.57500076293945,46.900001525878906,47.150001525878906,47.17499923706055,46.88999938964844,46.63999938964844,46.650001525878906,46.73400115966797,46.875999450683594,46.63999938964844,46.584999084472656,46.459999084472656,46.393001556396484,46.20500183105469,46.09000015258789,46.05500030517578,46.08300018310547,45.97999954223633,45.79499816894531,45.880001068115234,46.143001556396484,46.34700012207031,46.439998626708984,46.21900177001953,46.18000030517578,46.189998626708984,46.020999908447266,46.196998596191406,45.992000579833984,46.05699920654297,45.939998626708984,45.959999084472656,46.18000030517578,46.099998474121094,46.15999984741211,46.15999984741211,46.00299835205078,46.1150016784668,46.16899871826172,46.09600067138672,46.23500061035156,45.928001403808594,46.05400085449219,45.98500061035156,45.755001068115234,45.53900146484375,45.51499938964844,45.4900016784668,45.61000061035156,45.939998626708984,46.22999954223633,46.05699920654297,46.095001220703125,46.14799880981445,46.279998779296875,46.060001373291016,46.119998931884766,46.04100036621094,45.96900177001953,46.13999938964844,45.755001068115234,45.935001373291016,45.98099899291992,45.75,45.685001373291016,45.444000244140625,45.75,45.689998626708984,45.66999816894531,45.73699951171875,45.534000396728516,45.279998779296875,45.279998779296875,45.229000091552734,45.09000015258789,45.025001525878906,45.176998138427734,44.869998931884766,44.95000076293945,45.33000183105469,45.25,45.189998626708984,45.29999923706055,45.56999969482422,45.54999923706055,45.63999938964844,45.43000030517578,45.209999084472656,45.05500030517578,45.150001525878906,45.220001220703125,45.130001068115234,45.189998626708984,45.20500183105469,45.16999816894531,45.040000915527344,45.08599853515625,45.0,44.97999954223633,44.64500045776367,44.83000183105469,44.58000183105469,44.53499984741211,44.40999984741211,44.54999923706055,44.54199981689453,44.1879997253418,43.79800033569336,44.04999923706055,44.16600036621094,43.91999816894531,44.31999969482422,44.279998779296875,44.310001373291016,44.099998474121094,44.262001037597656,43.970001220703125,43.78200149536133,43.68000030517578,43.369998931884766,43.52000045776367,43.69499969482422,43.763999938964844,43.54499816894531,43.83000183105469,43.76499938964844,43.67100143432617,43.58000183105469,43.92900085449219,44.33000183105469,44.59000015258789,44.33000183105469,44.551998138427734,44.61199951171875,44.30500030517578,44.32400131225586,44.35100173950195,44.900001525878906,44.65999984741211,44.88999938964844,44.959999084472656,45.029998779296875,45.11000061035156,45.11000061035156,45.02000045776367,45.2599983215332,45.38999938964844,45.63999938964844,45.47999954223633,45.779998779296875,45.66999816894531,45.939998626708984,46.119998931884766,46.09000015258789,45.900001525878906,45.86000061035156,45.970001220703125,46.5,46.97999954223633,46.84000015258789,46.56999969482422,46.630001068115234,46.790000915527344,46.79999923706055,46.720001220703125,46.7400016784668,47.09000015258789,46.970001220703125,46.90999984741211,46.72999954223633,46.7599983215332,46.58000183105469,46.43000030517578,46.59000015258789,46.59000015258789,46.540000915527344
IEI,115.2300033569336,115.68000030517578,115.48999786376953,116.48999786376953,116.69999694824219,116.44999694824219,116.80000305175781,117.5,117.12999725341797,117.06999969482422,117.9800033569336,117.80000305175781,117.37000274658203,117.08000183105469,117.37000274658203,117.48999786376953,117.23999786376953,117.13999938964844,116.86000061035156,117.30000305175781,117.7300033569336,117.70999908447266,116.81999969482422,116.0,115.95999908447266,116.16000366210938,115.83999633789062,115.55000305175781,115.63999938964844,115.1500015258789,115.06999969482422,114.93000030517578,115.1500015258789,114.43000030517578,114.54000091552734,114.76000213623047,114.2300033569336,114.44999694824219,114.5,113.79000091552734,113.58000183105469,113.95999908447266,113.87999725341797,113.63999938964844,113.55000305175781,114.2300033569336,115.55999755859375,116.94999694824219,116.19999694824219,117.54000091552734,116.7300033569336,117.7300033569336,117.4000015258789,116.62999725341797,117.73999786376953,118.41000366210938,118.37999725341797,117.41000366210938,117.19000244140625,117.08000183105469,117.1500015258789,117.6500015258789,117.80000305175781,118.41999816894531,118.6500015258789,118.63999938964844,117.83000183105469,117.79000091552734,118.13999938964844,118.0199966430664,117.52999877929688,117.05999755859375,117.12999725341797,116.95999908447266,117.47000122070312,117.29000091552734,117.63999938964844,118.58000183105469,118.29000091552734,117.68000030517578,118.18000030517578,117.2300033569336,118.20999908447266,118.86000061035156,119.04000091552734,118.5,118.08000183105469,117.98999786376953,118.66999816894531,118.81999969482422,118.36000061035156,118.30000305175781,118.02999877929688,117.69000244140625,117.16999816894531,116.86000061035156,116.79000091552734,116.91000366210938,116.66000366210938,116.05000305175781,115.97000122070312,116.62999725341797,116.87999725341797,116.98999786376953,116.2699966430664,116.30999755859375,116.2699966430664,115.83999633789062,116.30999755859375,115.94000244140625,116.12999725341797,115.56999969482422,115.52999877929688,116.12000274658203,115.7300033569336,115.91000366210938,115.95999908447266,115.58999633789062,115.79000091552734,116.01000213623047,115.68000030517578,115.9800033569336,115.2300033569336,115.26000213623047,114.72000122070312,114.4800033569336,113.94999694824219,114.0,114.52999877929688,114.55999755859375,115.4000015258789,116.13999938964844,115.62000274658203,115.76000213623047,115.79000091552734,115.97000122070312,115.44000244140625,115.44000244140625,115.19999694824219,115.08000183105469,115.37999725341797,114.7300033569336,115.0199966430664,115.12000274658203,114.56999969482422,114.55999755859375,114.2699966430664,115.01000213623047,114.94999694824219,115.22000122070312,115.16000366210938,114.7300033569336,114.30999755859375,114.0999984741211,114.05999755859375,113.83999633789062,113.9000015258789,114.05999755859375,113.66999816894531,113.58999633789062,114.2300033569336,114.01000213623047,113.88999938964844,114.08000183105469,114.66999816894531,114.6500015258789,114.86000061035156,114.27999877929688,113.9800033569336,113.66000366210938,114.0,113.94000244140625,113.88999938964844,113.88999938964844,114.04000091552734,113.91000366210938,113.72000122070312,113.70999908447266,113.45999908447266,113.33999633789062,113.05999755859375,113.33999633789062,113.06999969482422,113.05000305175781,112.76000213623047,113.0999984741211,113.16000366210938,112.44999694824219,112.01000213623047,112.47000122070312,112.70999908447266,112.33000183105469,113.23999786376953,113.05000305175781,113.19999694824219,112.69000244140625,112.9800033569336,112.6500015258789,111.91999816894531,111.66999816894531,111.61000061035156,112.08999633789062,112.3499984741211,112.33999633789062,111.87999725341797,112.43000030517578,112.62000274658203,112.4000015258789,112.29000091552734,112.7699966430664,112.95999908447266,113.66000366210938,113.20999908447266,113.51000213623047,113.63999938964844,113.0199966430664,113.0199966430664,113.06999969482422,114.18000030517578,113.66000366210938,114.19999694824219,114.11000061035156,114.18000030517578,114.33000183105469,114.26000213623047,113.9800033569336,114.44000244140625,114.9000015258789,115.27999877929688,115.04000091552734,115.44999694824219,115.08999633789062,115.5199966430664,115.66000366210938,115.66000366210938,115.08999633789062,115.0999984741211,115.25,116.4800033569336,116.69999694824219,116.55000305175781,116.41000366210938,116.51000213623047,116.9000015258789,116.9000015258789,116.88999938964844,116.86000061035156,117.37000274658203,117.16000366210938,117.12999725341797,116.79000091552734,116.94999694824219,116.58000183105469,116.37999725341797,116.62000274658203,116.6500015258789,116.58000183105469
IGEB,43.527000427246094,43.763999938964844,43.73500061035156,44.349998474121094,44.45600128173828,44.395999908447266,44.68000030517578,45.07099914550781,44.97600173950195,44.891998291015625,45.34000015258789,45.255001068115234,45.09000015258789,45.000999450683594,45.209999084472656,45.20100021362305,45.189998626708984,45.099998474121094,44.98500061035156,45.237998962402344,45.470001220703125,45.53499984741211,45.154998779296875,44.849998474121094,44.7599983215332,44.86000061035156,44.53900146484375,44.310001373291016,44.38999938964844,44.29399871826172,44.1349983215332,43.915000915527344,44.029998779296875,43.54999923706055,43.61600112915039,43.83300018310547,43.61000061035156,43.65999984741211,43.66999816894531,43.28200149536133,43.25,43.619998931884766,43.529998779296875,43.41999816894531,43.35100173950195,43.38999938964844,43.81999969482422,43.86000061035156,43.766998291015625,43.9900016784668,43.77000045776367,44.11000061035156,44.029998779296875,44.11000061035156,44.38999938964844,44.54999923706055,44.66600036621094,44.26300048828125,44.19300079345703,44.34000015258789,44.41600036621094,44.709999084472656,44.78799819946289,44.862998962402344,44.970001220703125,44.939998626708984,44.77000045776367,44.779998779296875,44.72999954223633,44.81999969482422,44.70000076293945,44.4900016784668,44.57500076293945,44.38999938964844,44.540000915527344,44.5369987487793,44.709999084472656,44.91299819946289,44.7599983215332,44.60499954223633,44.900001525878906,44.196998596191406,44.56700134277344,44.650001525878906,44.584999084472656,44.435001373291016,44.17499923706055,44.1609992980957,44.459999084472656,44.560001373291016,44.380001068115234,44.18000030517578,44.02199935913086,43.98500061035156,43.875,43.790000915527344,43.810001373291016,43.87200164794922,43.7400016784668,43.611000061035156,43.74599838256836,43.97600173950195,44.13399887084961,44.064998626708984,43.95000076293945,43.900001525878906,43.94300079345703,43.650001525878906,43.900001525878906,43.7760009765625,43.874000549316406,43.709999084472656,43.80400085449219,44.095001220703125,44.02000045776367,44.540000915527344,44.1150016784668,43.95199966430664,44.040000915527344,44.09400177001953,44.02299880981445,44.189998626708984,43.95000076293945,44.189998626708984,43.926998138427734,43.689998626708984,43.36000061035156,43.34000015258789,43.551998138427734,43.70000076293945,44.04999923706055,44.310001373291016,44.04100036621094,44.08599853515625,44.21500015258789,44.3489990234375,44.11800003051758,44.20000076293945,44.15399932861328,44.11000061035156,44.290000915527344,43.88999938964844,44.10499954223633,44.20000076293945,43.720001220703125,43.53300094604492,43.277000427246094,43.66699981689453,43.58000183105469,43.70000076293945,43.72999954223633,43.50299835205078,43.358001708984375,43.33000183105469,43.18899917602539,43.02000045776367,42.946998596191406,43.084999084472656,42.89799880981445,42.935001373291016,43.369998931884766,43.25,43.24399948120117,43.37799835205078,43.63999938964844,43.59199905395508,43.689998626708984,43.303001403808594,43.06999969482422,42.9900016784668,43.16999816894531,43.15999984741211,43.154998779296875,43.099998474121094,43.15999984741211,43.14500045776367,43.09000015258789,43.13999938964844,43.02000045776367,43.0099983215332,42.7400016784668,42.91400146484375,42.66400146484375,42.553001403808594,42.3849983215332,42.45000076293945,42.40999984741211,41.939998626708984,41.56999969482422,41.86399841308594,41.810001373291016,41.709999084472656,42.09000015258789,42.10499954223633,42.25199890136719,41.970001220703125,42.130001068115234,41.88999938964844,41.630001068115234,41.35100173950195,41.191001892089844,41.3380012512207,41.52000045776367,41.66999816894531,41.40999984741211,41.619998931884766,41.59299850463867,41.4900016784668,41.494998931884766,41.7599983215332,42.08000183105469,42.30699920654297,42.10499954223633,42.31999969482422,42.5099983215332,42.202999114990234,42.36000061035156,42.31999969482422,42.90999984741211,42.7599983215332,43.040000915527344,43.125,43.209999084472656,43.27000045776367,43.349998474121094,43.220001220703125,43.470001220703125,43.665000915527344,43.93000030517578,43.779998779296875,43.9900016784668,43.810001373291016,44.029998779296875,44.15999984741211,44.18000030517578,43.994998931884766,43.970001220703125,44.15999984741211,44.75,44.939998626708984,44.882999420166016,44.77000045776367,44.869998931884766,45.02000045776367,45.04999923706055,45.06999969482422,45.099998474121094,45.41999816894531,45.33000183105469,45.244998931884766,45.0099983215332,44.939998626708984,44.755001068115234,44.65999984741211,44.86000061035156,44.90999984741211,44.880001068115234
TIPX,18.469999313354492,18.479999542236328,18.459999084472656,18.59000015258789,18.6200008392334,18.579999923706055,18.6200008392334,18.729999542236328,18.649999618530273,18.6200008392334,18.709999084472656,18.780000686645508,18.709999084472656,18.709999084472656,18.75,18.790000915527344,18.799999237060547,18.760000228881836,18.690000534057617,18.709999084472656,18.81999969482422,18.799999237060547,18.670000076293945,18.579999923706055,18.639999389648438,18.709999084472656,18.649999618530273,18.610000610351562,18.6200008392334,18.559999465942383,18.559999465942383,18.549999237060547,18.559999465942383,18.5,18.489999771118164,18.540000915527344,18.450000762939453,18.479999542236328,18.530000686645508,18.479999542236328,18.489999771118164,18.610000610351562,18.56999969482422,18.43000030517578,18.3799991607666,18.43000030517578,18.59000015258789,18.770000457763672,18.709999084472656,18.889999389648438,18.719999313354492,18.790000915527344,18.790000915527344,18.739999771118164,18.959999084472656,19.020000457763672,18.969999313354492,18.860000610351562,18.899999618530273,18.920000076293945,18.950000762939453,19.030000686645508,18.920000076293945,18.969999313354492,19.0,19.020000457763672,18.90999984741211,18.920000076293945,18.90999984741211,18.889999389648438,18.829999923706055,18.780000686645508,18.790000915527344,18.780000686645508,18.81999969482422,18.81999969482422,18.889999389648438,18.979999542236328,18.93000030517578,18.860000610351562,18.920000076293945,18.700000762939453,18.81999969482422,18.899999618530273,18.899999618530273,18.860000610351562,18.829999923706055,18.809999465942383,18.84000015258789,18.860000610351562,18.790000915527344,18.790000915527344,18.729999542236328,18.729999542236328,18.68000030517578,18.639999389648438,18.6200008392334,18.639999389648438,18.59000015258789,18.5,18.520000457763672,18.579999923706055,18.600000381469727,18.56999969482422,18.489999771118164,18.530000686645508,18.520000457763672,18.479999542236328,18.540000915527344,18.489999771118164,18.5,18.40999984741211,18.440000534057617,18.540000915527344,18.5,18.520000457763672,18.520000457763672,18.469999313354492,18.5,18.5,18.459999084472656,18.5,18.40999984741211,18.459999084472656,18.34000015258789,18.299999237060547,18.209999084472656,18.229999542236328,18.280000686645508,18.25,18.40999984741211,18.489999771118164,18.420000076293945,18.43000030517578,18.420000076293945,18.450000762939453,18.440000534057617,18.459999084472656,18.450000762939453,18.43000030517578,18.469999313354492,18.3700008392334,18.420000076293945,18.450000762939453,18.329999923706055,18.309999465942383,18.25,18.389999389648438,18.40999984741211,18.40999984741211,18.399999618530273,18.31999969482422,18.309999465942383,18.270000457763672,18.229999542236328,18.18000030517578,18.200000762939453,18.209999084472656,18.18000030517578,18.190000534057617,18.280000686645508,18.25,18.229999542236328,18.25,18.309999465942383,18.299999237060547,18.34000015258789,18.229999542236328,18.209999084472656,18.170000076293945,18.229999542236328,18.239999771118164,18.25,18.260000228881836,18.270000457763672,18.25,18.229999542236328,18.25,18.209999084472656,18.170000076293945,18.139999389648438,18.18000030517578,18.100000381469727,18.06999969482422,18.049999237060547,18.110000610351562,18.079999923706055,17.979999542236328,17.899999618530273,17.93000030517578,17.959999084472656,17.90999984741211,18.040000915527344,18.030000686645508,18.06999969482422,18.030000686645508,18.110000610351562,18.06999969482422,17.989999771118164,17.979999542236328,17.989999771118164,18.040000915527344,18.030000686645508,18.020000457763672,17.989999771118164,18.049999237060547,18.100000381469727,18.06999969482422,18.040000915527344,18.06999969482422,18.100000381469727,18.190000534057617,18.149999618530273,18.15999984741211,18.15999984741211,18.06999969482422,18.079999923706055,18.06999969482422,18.200000762939453,18.139999389648438,18.190000534057617,18.200000762939453,18.239999771118164,18.219999313354492,18.219999313354492,18.18000030517578,18.200000762939453,18.280000686645508,18.34000015258789,18.299999237060547,18.31999969482422,18.260000228881836,18.309999465942383,18.299999237060547,18.309999465942383,18.270000457763672,18.260000228881836,18.260000228881836,18.459999084472656,18.600000381469727,18.549999237060547,18.530000686645508,18.530000686645508,18.59000015258789,18.579999923706055,18.520000457763672,18.559999465942383,18.6299991607666,18.59000015258789,18.59000015258789,18.559999465942383,18.59000015258789,18.530000686645508,18.489999771118164,18.520000457763672,18.520000457763672,18.510000228881836
IAGG,47.900001525878906,48.18000030517578,48.119998931884766,48.36000061035156,48.15999984741211,48.16999816894531,48.5,48.56999969482422,48.4900016784668,48.689998626708984,48.939998626708984,48.83000183105469,48.65999984741211,48.54999923706055,48.7400016784668,48.779998779296875,48.68000030517578,48.560001373291016,48.43000030517578,48.52000045776367,48.630001068115234,48.970001220703125,48.84000015258789,48.709999084472656,48.52000045776367,48.560001373291016,48.650001525878906,48.43000030517578,48.470001220703125,48.34000015258789,48.27000045776367,48.22999954223633,48.34000015258789,47.959999084472656,48.099998474121094,48.189998626708984,48.09000015258789,48.029998779296875,47.939998626708984,47.810001373291016,47.7400016784668,47.95000076293945,47.83000183105469,47.95000076293945,48.09000015258789,48.09000015258789,48.45000076293945,48.81999969482422,48.439998626708984,48.900001525878906,48.7400016784668,49.060001373291016,49.040000915527344,48.790000915527344,48.97999954223633,49.06999969482422,49.08000183105469,48.91999816894531,48.91999816894531,48.83000183105469,48.81999969482422,48.95000076293945,49.09000015258789,49.029998779296875,49.16999816894531,49.209999084472656,49.0,48.91999816894531,48.88999938964844,48.869998931884766,48.75,48.689998626708984,48.65999984741211,48.630001068115234,48.7599983215332,48.720001220703125,48.70000076293945,49.040000915527344,49.0099983215332,48.77000045776367,49.13999938964844,48.880001068115234,49.22999954223633,49.25,49.27000045776367,49.13999938964844,49.04999923706055,48.97999954223633,49.18000030517578,49.349998474121094,49.27000045776367,49.220001220703125,49.099998474121094,49.130001068115234,48.869998931884766,48.88999938964844,48.869998931884766,48.86000061035156,48.790000915527344,48.65999984741211,48.72999954223633,49.040000915527344,49.20000076293945,49.33000183105469,49.11000061035156,49.13999938964844,49.09000015258789,48.88999938964844,49.08000183105469,49.06999969482422,49.15999984741211,48.959999084472656,49.029998779296875,49.029998779296875,48.9900016784668,49.25,49.15999984741211,48.959999084472656,49.209999084472656,49.349998474121094,49.25,49.36000061035156,49.130001068115234,49.290000915527344,49.22999954223633,48.939998626708984,48.79499816894531,48.810001373291016,48.81999969482422,48.7599983215332,49.029998779296875,49.22999954223633,49.099998474121094,49.2400016784668,49.380001068115234,49.47999954223633,49.290000915527344,49.34000015258789,49.38999938964844,49.380001068115234,49.33000183105469,49.18000030517578,49.33000183105469,49.310001373291016,49.209999084472656,49.22999954223633,49.060001373291016,49.189998626708984,49.119998931884766,49.34000015258789,49.29999923706055,49.20000076293945,49.08000183105469,49.029998779296875,48.91999816894531,48.90999984741211,48.900001525878906,48.95000076293945,48.939998626708984,48.91999816894531,49.310001373291016,49.18000030517578,49.18000030517578,49.18000030517578,49.2599983215332,49.18000030517578,49.400001525878906,49.29999923706055,49.029998779296875,48.939998626708984,49.060001373291016,49.099998474121094,49.0,49.0099983215332,49.04999923706055,49.20000076293945,49.029998779296875,49.0,48.86000061035156,48.90999984741211,48.869998931884766,48.880001068115234,48.70000076293945,48.65999984741211,48.59000015258789,48.65999984741211,48.779998779296875,48.54999923706055,48.369998931884766,48.5,48.529998779296875,48.43000030517578,48.709999084472656,48.709999084472656,48.91999816894531,48.75,48.88999938964844,48.79999923706055,48.61000061035156,48.540000915527344,48.47999954223633,48.5,48.56999969482422,48.650001525878906,48.43000030517578,48.68000030517578,48.7400016784668,48.72999954223633,48.70000076293945,49.02000045776367,49.095001220703125,49.209999084472656,49.04999923706055,49.33000183105469,49.45000076293945,49.279998779296875,49.29999923706055,49.22999954223633,49.61000061035156,49.4900016784668,49.709999084472656,49.79999923706055,49.75,49.88999938964844,49.91999816894531,49.650001525878906,49.88999938964844,50.060001373291016,50.25,50.029998779296875,50.38999938964844,50.290000915527344,50.560001373291016,50.7400016784668,50.61000061035156,50.5099983215332,50.56999969482422,50.63999938964844,51.029998779296875,49.290000915527344,49.470001220703125,49.5099983215332,49.619998931884766,49.779998779296875,49.81999969482422,49.70000076293945,49.790000915527344,50.02000045776367,49.869998931884766,49.79999923706055,49.630001068115234,49.709999084472656,49.47999954223633,49.43000030517578,49.52000045776367,49.400001525878906,49.33000183105469
GTO,46.66999816894531,46.95000076293945,46.93000030517578,47.400001525878906,47.54999923706055,47.439998626708984,47.72999954223633,48.099998474121094,48.0099983215332,48.029998779296875,48.41999816894531,48.349998474121094,48.130001068115234,47.90999984741211,48.189998626708984,48.2400016784668,48.209999084472656,48.20000076293945,48.095001220703125,48.279998779296875,48.54999923706055,48.65999984741211,48.29999923706055,48.06999969482422,47.939998626708984,48.005001068115234,47.84000015258789,47.630001068115234,47.75,47.58000183105469,47.5099983215332,47.29999923706055,47.41999816894531,46.7400016784668,46.93000030517578,47.130001068115234,46.790000915527344,46.900001525878906,46.91999816894531,46.709999084472656,46.61000061035156,46.95000076293945,46.869998931884766,46.810001373291016,46.7599983215332,46.83000183105469,47.18000030517578,47.275001525878906,46.935001373291016,47.209999084472656,46.9900016784668,47.279998779296875,46.81999969482422,46.77000045776367,47.209999084472656,47.30500030517578,47.2400016784668,46.834999084472656,46.814998626708984,46.8650016784668,47.01499938964844,47.20000076293945,47.36000061035156,47.505001068115234,47.654998779296875,47.61000061035156,47.29499816894531,47.310001373291016,47.400001525878906,47.415000915527344,47.18000030517578,46.987998962402344,47.04999923706055,47.02000045776367,47.13999938964844,47.09000015258789,47.15999984741211,47.40999984741211,47.18000030517578,47.029998779296875,47.33000183105469,46.810001373291016,47.2400016784668,47.34000015258789,47.27000045776367,47.11000061035156,46.849998474121094,46.81999969482422,47.08000183105469,47.18000030517578,46.970001220703125,46.869998931884766,46.73500061035156,46.689998626708984,46.54499816894531,46.439998626708984,46.2599983215332,46.31999969482422,46.15999984741211,46.0099983215332,46.06999969482422,46.400001525878906,46.54999923706055,46.68000030517578,46.52000045776367,46.5099983215332,46.560001373291016,46.36000061035156,46.56999969482422,46.459999084472656,46.58000183105469,46.36000061035156,46.459999084472656,46.689998626708984,46.599998474121094,46.52000045776367,46.529998779296875,46.349998474121094,46.5,46.540000915527344,46.47999954223633,46.619998931884766,46.29499816894531,46.459999084472656,46.33000183105469,46.15999984741211,45.83000183105469,45.83000183105469,46.0,46.11000061035156,46.439998626708984,46.75,46.560001373291016,46.61000061035156,46.689998626708984,46.81999969482422,46.61000061035156,46.650001525878906,46.45000076293945,46.41999816894531,46.529998779296875,46.20000076293945,46.38999938964844,46.43000030517578,46.18000030517578,46.040000915527344,45.77000045776367,46.08000183105469,46.040000915527344,46.16999816894531,46.20000076293945,45.939998626708984,45.77000045776367,45.7599983215332,45.63999938964844,45.52000045776367,45.45000076293945,45.54999923706055,45.13999938964844,45.16999816894531,45.599998474121094,45.529998779296875,45.540000915527344,45.63999938964844,45.849998474121094,45.88999938964844,45.959999084472656,45.7599983215332,45.52000045776367,45.45000076293945,45.560001373291016,45.61000061035156,45.560001373291016,45.58000183105469,45.619998931884766,45.599998474121094,45.44499969482422,45.380001068115234,45.2400016784668,45.2400016784668,44.91999816894531,45.119998931884766,44.81999969482422,44.7400016784668,44.54999923706055,44.650001525878906,44.630001068115234,44.33000183105469,43.95000076293945,44.18000030517578,44.15999984741211,44.0,44.41999816894531,44.380001068115234,44.630001068115234,44.279998779296875,44.459999084472656,44.255001068115234,43.959999084472656,43.689998626708984,43.54999923706055,43.625,43.65999984741211,43.810001373291016,43.4900016784668,43.779998779296875,43.7400016784668,43.70000076293945,43.65999984741211,44.09000015258789,44.43000030517578,44.70000076293945,44.529998779296875,44.709999084472656,44.849998474121094,44.5099983215332,44.59000015258789,44.56999969482422,45.18000030517578,44.935001373291016,45.189998626708984,45.22999954223633,45.15999984741211,45.2400016784668,45.310001373291016,45.119998931884766,45.380001068115234,45.5,45.79999923706055,45.66999816894531,46.0099983215332,45.88999938964844,46.18000030517578,46.31999969482422,46.290000915527344,46.099998474121094,46.09000015258789,46.209999084472656,46.779998779296875,47.20000076293945,47.099998474121094,46.86000061035156,46.90999984741211,47.060001373291016,47.099998474121094,47.06999969482422,47.099998474121094,47.400001525878906,47.33000183105469,47.2400016784668,47.06999969482422,47.060001373291016,46.84000015258789,46.75,46.93000030517578,46.91999816894531,46.880001068115234
HTAB,19.15999984741211,19.27199935913086,19.28499984741211,19.399999618530273,19.450000762939453,19.459999084472656,19.524999618530273,19.641000747680664,19.65999984741211,19.6299991607666,19.790000915527344,19.764999389648438,19.735000610351562,19.725000381469727,19.759000778198242,19.739999771118164,19.795000076293945,19.746999740600586,19.73699951171875,19.760000228881836,19.829999923706055,19.792999267578125,19.700000762939453,19.65999984741211,19.67799949645996,19.6200008392334,19.559999465942383,19.6200008392334,19.575000762939453,19.510000228881836,19.422000885009766,19.31999969482422,19.283000946044922,19.1299991607666,19.209999084472656,19.229000091552734,19.114999771118164,19.149999618530273,19.166000366210938,19.104999542236328,19.07699966430664,19.1299991607666,19.114999771118164,19.100000381469727,19.09600067138672,19.200000762939453,19.350000381469727,19.40999984741211,19.3700008392334,19.476999282836914,19.42799949645996,19.527999877929688,19.450000762939453,19.358999252319336,19.46299934387207,19.540000915527344,19.594999313354492,19.5,19.538999557495117,19.520999908447266,19.54199981689453,19.611000061035156,19.614999771118164,19.69499969482422,19.78499984741211,19.770000457763672,19.725000381469727,19.790000915527344,19.854999542236328,19.78499984741211,19.709999084472656,19.68000030517578,19.524999618530273,19.454999923706055,19.5049991607666,19.46500015258789,19.549999237060547,19.65999984741211,19.579999923706055,19.496000289916992,19.579999923706055,19.466999053955078,19.579999923706055,19.6200008392334,19.65999984741211,19.677000045776367,19.594999313354492,19.584999084472656,19.68000030517578,19.690000534057617,19.59000015258789,19.549999237060547,19.524999618530273,19.5,19.385000228881836,19.28499984741211,19.299999237060547,19.219999313354492,19.156999588012695,19.209999084472656,19.190000534057617,19.325000762939453,19.395000457763672,19.420000076293945,19.329999923706055,19.39299964904785,19.472999572753906,19.350000381469727,19.434999465942383,19.420000076293945,19.415000915527344,19.375,19.402000427246094,19.479999542236328,19.5,19.559999465942383,19.579999923706055,19.459999084472656,19.53499984741211,19.51300048828125,19.5049991607666,19.579999923706055,19.399999618530273,19.440000534057617,19.415000915527344,19.420000076293945,19.31999969482422,19.309999465942383,19.299999237060547,19.329999923706055,19.3700008392334,19.479999542236328,19.420000076293945,19.469999313354492,19.520000457763672,19.610000610351562,19.545000076293945,19.540000915527344,19.57900047302246,19.507999420166016,19.565000534057617,19.423999786376953,19.389999389648438,19.3700008392334,19.288999557495117,19.200000762939453,18.979999542236328,19.139999389648438,19.040000915527344,19.114999771118164,19.200000762939453,19.086000442504883,19.075000762939453,19.114999771118164,19.094999313354492,19.040000915527344,18.940000534057617,18.920000076293945,18.770000457763672,18.849000930786133,18.895999908447266,18.8799991607666,18.90999984741211,18.920000076293945,19.01300048828125,18.93000030517578,18.950000762939453,18.96500015258789,18.908000946044922,18.90999984741211,18.860000610351562,18.920000076293945,18.90999984741211,18.889999389648438,18.915000915527344,18.84000015258789,18.815000534057617,18.864999771118164,18.81999969482422,18.790000915527344,18.610000610351562,18.65999984741211,18.485000610351562,18.40999984741211,18.34000015258789,18.246000289916992,18.270000457763672,18.139999389648438,18.010000228881836,18.100000381469727,18.1299991607666,17.969999313354492,18.15999984741211,18.216999053955078,18.3799991607666,18.239999771118164,18.329999923706055,18.15999984741211,18.040000915527344,18.010000228881836,17.8700008392334,17.889999389648438,17.940000534057617,17.979999542236328,17.81800079345703,17.950000762939453,17.809999465942383,17.790000915527344,17.75,17.885000228881836,18.149999618530273,18.270000457763672,18.174999237060547,18.329999923706055,18.459999084472656,18.34000015258789,18.510000228881836,18.54400062561035,18.760000228881836,18.719999313354492,18.809999465942383,18.84000015258789,18.950000762939453,18.93000030517578,18.979999542236328,18.975000381469727,19.049999237060547,19.020000457763672,19.232999801635742,19.170000076293945,19.309999465942383,19.240999221801758,19.389999389648438,19.3799991607666,19.399999618530273,19.350000381469727,19.329999923706055,19.299999237060547,19.479999542236328,19.670000076293945,19.65999984741211,19.649999618530273,19.690000534057617,19.75,19.719999313354492,19.739999771118164,19.75,19.829999923706055,19.739999771118164,19.760000228881836,19.684999465942383,19.729999542236328,19.655000686645508,19.600000381469727,19.690000534057617,19.68000030517578,19.65999984741211
VCIT,77.87999725341797,78.38999938964844,78.22000122070312,79.20999908447266,79.51000213623047,79.3499984741211,79.80000305175781,80.5,80.22000122070312,80.0999984741211,80.94000244140625,80.80999755859375,80.47000122070312,80.33000183105469,80.70999908447266,80.7300033569336,80.62999725341797,80.48999786376953,80.19999694824219,80.79000091552734,81.22000122070312,81.3499984741211,80.5999984741211,79.98999786376953,79.79000091552734,79.91999816894531,79.5199966430664,79.08999633789062,79.2699966430664,79.0199966430664,78.76000213623047,78.44999694824219,78.56999969482422,77.76000213623047,77.8499984741211,78.25,77.8499984741211,77.97000122070312,77.95999908447266,77.2699966430664,77.2300033569336,77.83999633789062,77.69999694824219,77.48999786376953,77.36000061035156,77.45999908447266,78.26000213623047,78.66999816894531,78.30000305175781,79.08999633789062,78.87000274658203,79.33000183105469,79.06999969482422,79.19999694824219,79.76000213623047,80.16000366210938,80.41000366210938,79.61000061035156,79.41000366210938,79.55999755859375,79.66999816894531,80.22000122070312,80.47000122070312,80.62000274658203,80.77999877929688,80.75,80.30999755859375,80.26000213623047,80.31999969482422,80.44999694824219,80.23999786376953,79.80999755859375,79.94999694824219,79.61000061035156,79.87000274658203,79.87000274658203,80.19000244140625,80.5999984741211,80.30999755859375,79.97000122070312,80.55000305175781,79.37999725341797,80.11000061035156,80.33999633789062,80.26000213623047,79.91000366210938,79.5,79.45999908447266,80.0,80.19999694824219,79.81999969482422,79.56999969482422,79.2300033569336,79.16000366210938,78.87999725341797,78.73999786376953,78.7699966430664,78.87999725341797,78.62000274658203,78.33000183105469,78.51000213623047,79.05999755859375,79.2699966430664,79.25,78.98999786376953,78.88999938964844,78.94000244140625,78.33000183105469,78.81999969482422,78.55999755859375,78.68000030517578,78.3499984741211,78.44999694824219,79.08000183105469,78.86000061035156,79.08000183105469,79.01000213623047,78.75,78.87999725341797,79.05000305175781,78.8499984741211,79.19999694824219,78.69999694824219,79.02999877929688,78.63999938964844,78.19000244140625,77.55999755859375,77.51000213623047,77.93000030517578,78.18000030517578,78.83000183105469,79.37999725341797,78.88999938964844,78.9800033569336,79.11000061035156,79.4000015258789,79.0,79.12999725341797,79.01000213623047,78.91999816894531,79.29000091552734,78.5199966430664,78.9000015258789,79.0999984741211,78.31999969482422,78.05000305175781,77.61000061035156,78.27999877929688,78.2300033569336,78.41000366210938,78.45999908447266,78.01000213623047,77.73999786376953,77.66999816894531,77.4000015258789,77.16000366210938,76.9800033569336,77.23999786376953,76.88999938964844,76.93000030517578,77.7300033569336,77.47000122070312,77.45999908447266,77.73999786376953,78.2300033569336,78.18000030517578,78.29000091552734,77.69999694824219,77.27999877929688,77.08999633789062,77.37999725341797,77.38999938964844,77.30999755859375,77.2699966430664,77.41999816894531,77.31999969482422,77.19000244140625,77.2699966430664,77.02999877929688,76.9800033569336,76.48999786376953,76.83000183105469,76.37999725341797,76.19000244140625,75.83000183105469,76.0199966430664,75.9800033569336,75.1500015258789,74.52999877929688,74.9800033569336,75.01000213623047,74.73999786376953,75.63999938964844,75.58000183105469,75.83000183105469,75.31999969482422,75.61000061035156,75.25,74.5999984741211,74.12999725341797,73.80999755859375,74.1500015258789,74.56999969482422,74.76000213623047,74.26000213623047,74.72000122070312,74.66000366210938,74.47000122070312,74.44999694824219,75.02999877929688,75.58999633789062,76.05000305175781,75.69999694824219,76.0999984741211,76.30000305175781,75.7699966430664,76.02999877929688,76.05000305175781,77.0999984741211,76.81999969482422,77.33000183105469,77.45999908447266,77.63999938964844,77.70999908447266,77.87999725341797,77.61000061035156,78.06999969482422,78.38999938964844,78.81999969482422,78.58999633789062,78.98999786376953,78.72000122070312,79.06999969482422,79.25,79.30999755859375,78.94000244140625,78.91000366210938,79.22000122070312,80.4000015258789,81.01000213623047,80.9000015258789,80.75,80.88999938964844,81.12999725341797,81.19999694824219,80.91999816894531,81.05000305175781,81.63999938964844,81.44000244140625,81.27999877929688,80.86000061035156,80.73999786376953,80.38999938964844,80.16000366210938,80.5,80.58000183105469,80.51000213623047
BAB,25.90999984741211,26.1299991607666,26.010000228881836,26.459999084472656,26.530000686645508,26.329999923706055,26.610000610351562,26.850000381469727,26.739999771118164,26.729999542236328,27.110000610351562,27.1299991607666,27.030000686645508,26.809999465942383,27.020000457763672,26.989999771118164,27.020000457763672,27.010000228881836,26.899999618530273,26.950000762939453,27.209999084472656,27.229999542236328,27.049999237060547,26.889999389648438,26.780000686645508,26.84000015258789,26.670000076293945,26.579999923706055,26.700000762939453,26.670000076293945,26.559999465942383,26.469999313354492,26.520000457763672,26.15999984741211,26.31999969482422,26.399999618530273,26.229999542236328,26.229999542236328,26.25,26.06999969482422,25.93000030517578,26.25,26.18000030517578,26.270000457763672,26.270000457763672,26.309999465942383,26.75,26.709999084472656,26.489999771118164,26.739999771118164,26.649999618530273,26.84000015258789,26.700000762939453,26.540000915527344,26.709999084472656,26.670000076293945,26.829999923706055,26.540000915527344,26.489999771118164,26.540000915527344,26.709999084472656,26.8799991607666,27.010000228881836,27.059999465942383,27.229999542236328,27.239999771118164,26.969999313354492,27.020000457763672,27.0,26.989999771118164,26.84000015258789,26.65999984741211,26.719999313354492,26.639999389648438,26.81999969482422,26.739999771118164,26.84000015258789,27.049999237060547,26.969999313354492,26.799999237060547,27.030000686645508,26.649999618530273,27.059999465942383,27.09000015258789,27.110000610351562,27.049999237060547,26.790000915527344,26.780000686645508,26.979999542236328,27.09000015258789,26.899999618530273,26.8799991607666,26.770000457763672,26.709999084472656,26.579999923706055,26.459999084472656,26.329999923706055,26.399999618530273,26.3700008392334,26.239999771118164,26.3700008392334,26.479999542236328,26.649999618530273,26.579999923706055,26.489999771118164,26.540000915527344,26.56999969482422,26.31999969482422,26.5,26.459999084472656,26.510000228881836,26.34000015258789,26.440000534057617,26.639999389648438,26.610000610351562,26.540000915527344,26.59000015258789,26.479999542236328,26.56999969482422,26.639999389648438,26.5,26.68000030517578,26.420000076293945,26.549999237060547,26.5,26.350000381469727,26.09000015258789,26.059999465942383,26.1299991607666,26.200000762939453,26.40999984741211,26.610000610351562,26.479999542236328,26.510000228881836,26.600000381469727,26.75,26.540000915527344,26.530000686645508,26.459999084472656,26.389999389648438,26.510000228881836,26.209999084472656,26.280000686645508,26.25,26.100000381469727,25.989999771118164,25.770000457763672,26.06999969482422,25.979999542236328,26.110000610351562,26.100000381469727,26.010000228881836,25.8700008392334,25.84000015258789,25.790000915527344,25.65999984741211,25.610000610351562,25.780000686645508,25.440000534057617,25.479999542236328,25.780000686645508,25.780000686645508,25.780000686645508,25.81999969482422,26.040000915527344,26.020000457763672,26.139999389648438,26.0,25.739999771118164,25.75,25.84000015258789,25.8799991607666,25.850000381469727,25.93000030517578,25.920000076293945,25.8700008392334,25.81999969482422,25.709999084472656,25.6200008392334,25.600000381469727,25.34000015258789,25.479999542236328,25.299999237060547,25.219999313354492,25.200000762939453,25.389999389648438,25.290000915527344,25.0,24.780000686645508,24.979999542236328,24.920000076293945,24.809999465942383,25.100000381469727,25.049999237060547,25.34000015258789,25.049999237060547,25.170000076293945,24.959999084472656,24.81999969482422,24.709999084472656,24.489999771118164,24.510000228881836,24.549999237060547,24.739999771118164,24.420000076293945,24.68000030517578,24.649999618530273,24.540000915527344,24.579999923706055,24.770000457763672,25.030000686645508,25.239999771118164,25.040000915527344,25.25,25.459999084472656,25.110000610351562,25.190000534057617,25.200000762939453,25.610000610351562,25.450000762939453,25.5,25.510000228881836,25.59000015258789,25.639999389648438,25.68000030517578,25.610000610351562,25.799999237060547,25.770000457763672,26.079999923706055,25.850000381469727,26.1200008392334,25.899999618530273,26.350000381469727,26.440000534057617,26.440000534057617,26.360000610351562,26.209999084472656,26.290000915527344,26.610000610351562,26.959999084472656,26.84000015258789,26.84000015258789,26.90999984741211,26.989999771118164,26.829999923706055,26.8700008392334,26.950000762939453,27.079999923706055,27.059999465942383,26.90999984741211,26.739999771118164,26.8799991607666,26.709999084472656,26.649999618530273,26.75,26.709999084472656,26.700000762939453
FCOR,44.93000030517578,45.29999923706055,45.290000915527344,45.86800003051758,45.95000076293945,45.880001068115234,46.22600173950195,46.65999984741211,46.56999969482422,46.459999084472656,46.939998626708984,46.83000183105469,46.63999938964844,46.56999969482422,46.810001373291016,46.84000015258789,46.79999923706055,46.56999969482422,46.43000030517578,46.75,47.09000015258789,47.25,46.84000015258789,46.4900016784668,46.38999938964844,46.43000030517578,46.17499923706055,45.900001525878906,46.029998779296875,45.90999984741211,45.77000045776367,45.529998779296875,45.63999938964844,45.18000030517578,45.2599983215332,45.47999954223633,45.06999969482422,45.27000045776367,45.17499923706055,44.95000076293945,44.88999938964844,45.34000015258789,45.25,45.17900085449219,45.029998779296875,45.084999084472656,45.55799865722656,45.599998474121094,45.36000061035156,45.66999816894531,45.494998931884766,45.64500045776367,45.59299850463867,45.720001220703125,46.04999923706055,46.10900115966797,46.1349983215332,45.709999084472656,45.62099838256836,45.650001525878906,45.709999084472656,46.119998931884766,46.349998474121094,46.43000030517578,46.54199981689453,46.59000015258789,46.34000015258789,46.33000183105469,46.2599983215332,46.29399871826172,46.165000915527344,46.029998779296875,46.09000015258789,45.91999816894531,46.09000015258789,46.0099983215332,46.22999954223633,46.4900016784668,46.16999816894531,46.0099983215332,46.279998779296875,45.72999954223633,46.152000427246094,46.25,46.16999816894531,45.97999954223633,45.720001220703125,45.70000076293945,45.970001220703125,46.11000061035156,45.900001525878906,45.70000076293945,45.540000915527344,45.47700119018555,45.400001525878906,45.27399826049805,45.22999954223633,45.319000244140625,45.220001220703125,45.04999923706055,45.08000183105469,45.29499816894531,45.5099983215332,45.65999984741211,45.560001373291016,45.459999084472656,45.529998779296875,45.220001220703125,45.45899963378906,45.380001068115234,45.45000076293945,45.30799865722656,45.41899871826172,45.733001708984375,45.72999954223633,45.7599983215332,45.81999969482422,45.65999984741211,45.72999954223633,45.790000915527344,45.68000030517578,45.74800109863281,45.457000732421875,45.720001220703125,45.689998626708984,45.34000015258789,45.0,45.040000915527344,45.20000076293945,45.334999084472656,45.665000915527344,45.97999954223633,45.720001220703125,45.775001525878906,45.88999938964844,46.029998779296875,45.79499816894531,45.92499923706055,45.90999984741211,45.75,45.880001068115234,45.349998474121094,45.540000915527344,45.630001068115234,45.349998474121094,45.099998474121094,44.790000915527344,45.220001220703125,45.099998474121094,45.220001220703125,45.2599983215332,45.02000045776367,44.88600158691406,44.88399887084961,44.709999084472656,44.564998626708984,44.47999954223633,44.61000061035156,44.34000015258789,44.5,44.93000030517578,44.83000183105469,44.869998931884766,44.9900016784668,45.13999938964844,45.150001525878906,45.22999954223633,44.93000030517578,44.689998626708984,44.599998474121094,44.72999954223633,44.775001525878906,44.72999954223633,44.689998626708984,44.779998779296875,44.70000076293945,44.630001068115234,44.65999984741211,44.63999938964844,44.560001373291016,44.22999954223633,44.380001068115234,44.119998931884766,44.0,43.689998626708984,43.7599983215332,43.709999084472656,43.41999816894531,42.91999816894531,43.220001220703125,43.20000076293945,43.060001373291016,43.5099983215332,43.51900100708008,43.7400016784668,43.400001525878906,43.630001068115234,43.36000061035156,43.040000915527344,42.7599983215332,42.58000183105469,42.70000076293945,42.93000030517578,43.150001525878906,42.849998474121094,43.060001373291016,42.849998474121094,42.720001220703125,42.72999954223633,43.150001525878906,43.59000015258789,43.849998474121094,43.65999984741211,43.88999938964844,44.029998779296875,43.810001373291016,43.849998474121094,43.90999984741211,44.45000076293945,44.29999923706055,44.54499816894531,44.619998931884766,44.779998779296875,44.77000045776367,44.95000076293945,44.77000045776367,44.97999954223633,45.0,45.34000015258789,45.18000030517578,45.54999923706055,45.40999984741211,45.71500015258789,45.900001525878906,45.959999084472656,45.689998626708984,45.61000061035156,45.880001068115234,46.470001220703125,46.90999984741211,46.939998626708984,46.84000015258789,46.84000015258789,46.970001220703125,47.0,46.935001373291016,47.0,47.2400016784668,47.119998931884766,47.01499938964844,46.720001220703125,46.680999755859375,46.5,46.369998931884766,46.540000915527344,46.61000061035156,46.5
SKOR,46.529998779296875,46.70000076293945,46.599998474121094,47.02000045776367,47.119998931884766,47.09000015258789,47.249000549316406,47.525001525878906,47.426998138427734,47.43000030517578,47.7599983215332,47.68600082397461,47.606998443603516,47.540000915527344,47.652000427246094,47.680999755859375,47.6510009765625,47.64500045776367,47.52000045776367,47.779998779296875,47.895999908447266,47.970001220703125,47.625,47.35499954223633,47.349998474121094,47.3650016784668,47.220001220703125,47.077999114990234,47.130001068115234,46.97999954223633,46.89500045776367,46.810001373291016,46.880001068115234,46.56700134277344,46.61000061035156,46.749000549316406,46.529998779296875,46.63999938964844,46.6150016784668,46.30099868774414,46.310001373291016,46.5099983215332,46.47999954223633,46.33000183105469,46.257999420166016,46.380001068115234,46.65999984741211,46.77000045776367,46.691001892089844,46.90999984741211,46.76499938964844,47.0,46.9010009765625,46.98400115966797,47.2599983215332,47.42399978637695,47.48500061035156,47.13999938964844,47.06700134277344,47.130001068115234,47.17499923706055,47.43000030517578,47.52000045776367,47.619998931884766,47.66999816894531,47.61000061035156,47.45500183105469,47.41699981689453,47.48899841308594,47.57500076293945,47.46500015258789,47.30500030517578,47.35499954223633,47.224998474121094,47.369998931884766,47.380001068115234,47.5,47.70500183105469,47.59700012207031,47.44599914550781,47.625999450683594,47.23099899291992,47.44599914550781,47.59000015258789,47.551998138427734,47.40399932861328,47.224998474121094,47.20100021362305,47.45000076293945,47.50299835205078,47.36000061035156,47.284000396728516,47.15800094604492,47.0989990234375,46.970001220703125,46.939998626708984,46.93000030517578,46.9900016784668,46.86000061035156,46.722999572753906,46.7599983215332,46.97700119018555,47.09199905395508,47.06999969482422,46.91999816894531,46.89500045776367,46.88399887084961,46.70500183105469,46.79999923706055,46.709999084472656,46.80799865722656,46.685001373291016,46.69499969482422,46.92599868774414,46.86000061035156,46.94499969482422,46.91999816894531,46.83000183105469,46.83399963378906,46.933998107910156,46.849998474121094,47.0,46.810001373291016,46.86000061035156,46.68000030517578,46.560001373291016,46.31999969482422,46.314998626708984,46.5099983215332,46.60499954223633,46.880001068115234,47.119998931884766,46.880001068115234,46.95000076293945,47.0099983215332,47.08599853515625,46.91999816894531,46.97999954223633,46.95000076293945,46.97999954223633,47.08000183105469,46.81999969482422,47.029998779296875,47.11000061035156,46.744998931884766,46.665000915527344,46.560001373291016,46.81999969482422,46.810001373291016,46.900001525878906,46.86000061035156,46.70100021362305,46.560001373291016,46.52000045776367,46.439998626708984,46.345001220703125,46.29999923706055,46.415000915527344,46.29499816894531,46.2599983215332,46.57099914550781,46.492000579833984,46.46500015258789,46.564998626708984,46.784000396728516,46.75600051879883,46.82500076293945,46.540000915527344,46.369998931884766,46.279998779296875,46.43000030517578,46.42100143432617,46.400001525878906,46.3650016784668,46.439998626708984,46.40999984741211,46.369998931884766,46.39500045776367,46.29499816894531,46.2599983215332,46.099998474121094,46.24700164794922,46.13999938964844,46.029998779296875,45.90299987792969,46.0099983215332,46.0099983215332,45.595001220703125,45.38999938964844,45.54999923706055,45.599998474121094,45.51300048828125,45.900001525878906,45.83000183105469,45.93000030517578,45.720001220703125,45.82600021362305,45.65700149536133,45.41999816894531,45.250999450683594,45.16999816894531,45.34000015258789,45.46799850463867,45.54999923706055,45.369998931884766,45.53499984741211,45.52299880981445,45.46500015258789,45.448001861572266,45.59000015258789,45.77000045776367,46.0,45.84000015258789,45.994998931884766,46.040000915527344,45.82600021362305,45.891998291015625,45.94499969482422,46.39500045776367,46.279998779296875,46.45199966430664,46.49300003051758,46.51499938964844,46.60499954223633,46.637001037597656,46.57500076293945,46.73400115966797,46.8849983215332,47.090999603271484,46.970001220703125,47.07099914550781,46.97100067138672,47.09299850463867,47.11600112915039,47.191001892089844,47.0,47.02000045776367,47.13600158691406,47.63999938964844,47.85499954223633,47.540000915527344,47.547000885009766,47.619998931884766,47.744998931884766,47.77399826049805,47.79999923706055,47.80500030517578,48.04100036621094,47.97800064086914,47.96500015258789,47.775001525878906,47.72999954223633,47.63800048828125,47.564998626708984,47.71500015258789,47.7599983215332,47.71500015258789
FCAL,48.34000015258789,48.540000915527344,48.68000030517578,48.7400016784668,48.95000076293945,48.959999084472656,49.06999969482422,49.29999923706055,49.22999954223633,49.439998626708984,49.5099983215332,49.720001220703125,49.71500015258789,49.56999969482422,49.65999984741211,49.65999984741211,49.630001068115234,49.54999923706055,49.599998474121094,49.689998626708984,49.75,49.900001525878906,49.724998474121094,49.665000915527344,49.54999923706055,49.66999816894531,49.47999954223633,49.459999084472656,49.42499923706055,49.47999954223633,49.34000015258789,49.1349983215332,48.880001068115234,48.790000915527344,48.599998474121094,48.54499816894531,48.459999084472656,48.619998931884766,48.58000183105469,48.5,48.38999938964844,48.560001373291016,48.63999938964844,48.58000183105469,48.560001373291016,48.779998779296875,48.7400016784668,48.90999984741211,48.81999969482422,49.040000915527344,48.72999954223633,48.9900016784668,48.93000030517578,48.83000183105469,49.130001068115234,49.040000915527344,49.040000915527344,48.90999984741211,49.0,49.119998931884766,49.09000015258789,49.22999954223633,49.33399963378906,49.290000915527344,49.529998779296875,49.720001220703125,49.560001373291016,49.709999084472656,49.810001373291016,49.689998626708984,49.619998931884766,49.59000015258789,49.29999923706055,49.11000061035156,49.20000076293945,48.939998626708984,49.060001373291016,49.16999816894531,49.09000015258789,49.029998779296875,49.189998626708984,49.040000915527344,49.150001525878906,49.22999954223633,49.22999954223633,49.22999954223633,49.2400016784668,49.220001220703125,49.34000015258789,49.25,49.255001068115234,49.25,49.13999938964844,49.189998626708984,48.959999084472656,48.779998779296875,48.529998779296875,48.349998474121094,48.22999954223633,48.369998931884766,48.380001068115234,48.599998474121094,48.68000030517578,48.7599983215332,48.63999938964844,48.77000045776367,48.845001220703125,48.7599983215332,48.87799835205078,48.67499923706055,48.849998474121094,48.81999969482422,48.93000030517578,48.89500045776367,48.97999954223633,49.064998626708984,49.060001373291016,49.029998779296875,49.16999816894531,49.040000915527344,48.93000030517578,49.13999938964844,49.02000045776367,48.9900016784668,48.959999084472656,48.970001220703125,48.8650016784668,48.95000076293945,48.88999938964844,48.869998931884766,49.06999969482422,49.099998474121094,49.0,49.09000015258789,49.150001525878906,49.20000076293945,49.279998779296875,49.15999984741211,49.119998931884766,49.220001220703125,49.16999816894531,49.099998474121094,49.095001220703125,49.04999923706055,48.81999969482422,48.68000030517578,48.459999084472656,48.70000076293945,48.57500076293945,48.689998626708984,48.744998931884766,48.68000030517578,48.66999816894531,48.630001068115234,48.80500030517578,48.56999969482422,48.560001373291016,48.5,48.29999923706055,48.099998474121094,48.31999969482422,48.209999084472656,48.2599983215332,48.2599983215332,48.15999984741211,48.31999969482422,48.20000076293945,48.290000915527344,48.303001403808594,48.25,48.130001068115234,48.31999969482422,48.27000045776367,48.18000030517578,48.310001373291016,48.15999984741211,48.16999816894531,48.16999816894531,48.209999084472656,48.220001220703125,47.95000076293945,47.7599983215332,47.52000045776367,47.470001220703125,47.380001068115234,47.165000915527344,47.2400016784668,47.04999923706055,46.95500183105469,46.970001220703125,47.099998474121094,46.84000015258789,47.040000915527344,47.15999984741211,47.470001220703125,47.33000183105469,47.560001373291016,47.15999984741211,47.060001373291016,46.81999969482422,46.83000183105469,46.7400016784668,46.7599983215332,46.75,46.459999084472656,46.61000061035156,46.57500076293945,46.5099983215332,46.63999938964844,46.70000076293945,47.09000015258789,47.4010009765625,47.099998474121094,47.56999969482422,47.59000015258789,47.525001525878906,47.654998779296875,47.619998931884766,48.04199981689453,47.790000915527344,48.13100051879883,48.03499984741211,48.20800018310547,48.189998626708984,48.23500061035156,48.400001525878906,48.560001373291016,48.83000183105469,48.70000076293945,48.849998474121094,48.994998931884766,49.0,49.220001220703125,49.099998474121094,49.255001068115234,49.290000915527344,49.26499938964844,49.310001373291016,49.54999923706055,49.76900100708008,49.784000396728516,49.7599983215332,49.869998931884766,50.0,49.939998626708984,49.8849983215332,49.834999084472656,49.95899963378906,49.779998779296875,49.90999984741211,49.939998626708984,49.94499969482422,49.790000915527344,49.85499954223633,49.86000061035156,49.9900016784668,49.79999923706055
HMOP,37.6349983215332,37.83000183105469,37.869998931884766,37.880001068115234,38.060001373291016,38.06999969482422,38.20000076293945,38.33000183105469,38.284000396728516,38.380001068115234,38.525001525878906,38.55500030517578,38.540000915527344,38.400001525878906,38.540000915527344,38.51499938964844,38.540000915527344,38.47600173950195,38.40999984741211,38.4900016784668,38.619998931884766,38.65999984741211,38.465999603271484,38.52000045776367,38.349998474121094,38.439998626708984,38.34000015258789,38.29999923706055,38.349998474121094,38.279998779296875,38.13999938964844,37.91999816894531,37.8849983215332,37.70000076293945,37.689998626708984,37.810001373291016,37.689998626708984,37.619998931884766,37.6349983215332,37.560001373291016,37.49599838256836,37.630001068115234,37.63999938964844,37.66999816894531,37.599998474121094,37.75,37.790000915527344,37.90999984741211,37.88999938964844,38.01499938964844,38.11000061035156,38.16999816894531,38.0,37.9900016784668,38.125,38.20199966430664,38.25,38.130001068115234,38.2400016784668,38.119998931884766,38.189998626708984,38.20500183105469,38.310001373291016,38.31999969482422,38.529998779296875,38.529998779296875,38.43000030517578,38.52000045776367,38.590999603271484,38.560001373291016,38.43000030517578,38.46500015258789,38.25,38.150001525878906,38.141998291015625,38.13600158691406,38.19599914550781,38.30500030517578,38.20000076293945,38.04999923706055,38.22100067138672,38.0,38.20000076293945,38.25,38.290000915527344,38.209999084472656,38.25,38.2400016784668,38.290000915527344,38.29999923706055,38.224998474121094,38.16899871826172,38.18000030517578,38.15999984741211,37.94499969482422,37.779998779296875,37.75,37.64500045776367,37.61000061035156,37.67499923706055,37.624000549316406,37.78900146484375,37.900001525878906,37.90999984741211,37.810001373291016,37.91999816894531,37.9900016784668,37.939998626708984,38.0,38.0099983215332,38.01499938964844,37.970001220703125,38.040000915527344,38.130001068115234,38.09000015258789,38.16999816894531,38.09000015258789,38.060001373291016,38.15999984741211,38.20000076293945,38.18000030517578,38.22999954223633,38.0,38.040000915527344,38.025001525878906,37.9900016784668,37.959999084472656,37.959999084472656,38.0099983215332,37.95000076293945,38.11000061035156,38.191001892089844,38.08000183105469,38.16999816894531,38.189998626708984,38.34000015258789,38.279998779296875,38.15999984741211,38.349998474121094,38.279998779296875,38.2400016784668,38.189998626708984,38.029998779296875,38.0,38.029998779296875,37.939998626708984,37.65999984741211,37.83399963378906,37.810001373291016,37.86000061035156,37.900001525878906,37.91999816894531,37.810001373291016,37.880001068115234,37.81999969482422,37.72999954223633,37.70000076293945,37.744998931884766,37.61000061035156,37.65999984741211,37.68000030517578,37.68000030517578,37.63999938964844,37.689998626708984,37.775001525878906,37.54999923706055,37.599998474121094,37.59000015258789,37.54999923706055,37.56999969482422,37.54999923706055,37.54999923706055,37.59000015258789,37.625,37.58000183105469,37.56999969482422,37.5,37.529998779296875,37.470001220703125,37.439998626708984,37.29999923706055,37.31999969482422,37.13999938964844,37.0369987487793,36.84000015258789,36.72999954223633,36.808998107910156,36.63999938964844,36.5099983215332,36.47999954223633,36.61000061035156,36.40999984741211,36.59000015258789,36.68000030517578,36.900001525878906,36.76100158691406,36.900001525878906,36.75,36.599998474121094,36.540000915527344,36.2400016784668,36.38999938964844,36.4900016784668,36.5099983215332,36.34000015258789,36.47999954223633,36.255001068115234,36.349998474121094,36.34000015258789,36.31999969482422,36.5,36.93000030517578,36.790000915527344,37.04999923706055,37.0099983215332,37.060001373291016,37.029998779296875,37.27000045776367,37.400001525878906,37.38999938964844,37.400001525878906,37.630001068115234,37.630001068115234,37.68000030517578,37.81999969482422,37.66999816894531,37.880001068115234,37.68000030517578,37.9900016784668,38.03499984741211,38.189998626708984,38.06999969482422,38.369998931884766,38.38800048828125,38.38999938964844,38.40999984741211,38.36000061035156,38.36000061035156,38.529998779296875,38.869998931884766,38.880001068115234,38.810001373291016,38.900001525878906,39.0,38.9900016784668,39.0,39.0099983215332,39.06999969482422,38.900001525878906,38.939998626708984,38.900001525878906,38.939998626708984,38.86000061035156,38.86000061035156,38.959999084472656,38.93000030517578,38.900001525878906
KORP,45.45100021362305,45.6150016784668,45.54999923706055,45.9900016784668,46.05099868774414,46.0,46.130001068115234,46.45000076293945,46.29399871826172,46.29199981689453,46.62699890136719,46.569000244140625,46.46500015258789,46.39699935913086,46.507999420166016,46.53799819946289,46.54999923706055,46.44300079345703,46.34199905395508,46.553001403808594,46.66600036621094,46.74700164794922,46.39799880981445,46.13199996948242,46.09700012207031,46.150001525878906,45.97200012207031,45.849998474121094,45.858001708984375,45.76499938964844,45.66400146484375,45.56800079345703,45.645999908447266,45.32600021362305,45.35499954223633,45.494998931884766,45.30500030517578,45.375,45.361000061035156,45.000999450683594,45.01900100708008,45.22999954223633,45.18000030517578,45.03900146484375,44.97600173950195,45.09600067138672,45.4739990234375,45.630001068115234,45.56999969482422,45.88199996948242,45.71500015258789,46.04999923706055,45.90999984741211,45.9379997253418,46.23099899291992,46.4900016784668,46.4739990234375,46.119998931884766,46.04499816894531,46.10599899291992,46.13600158691406,46.375,46.4630012512207,46.56100082397461,46.64500045776367,46.470001220703125,46.361000061035156,46.34000015258789,46.400001525878906,46.439998626708984,46.33000183105469,46.159000396728516,46.189998626708984,46.060001373291016,46.20800018310547,46.20000076293945,46.310001373291016,46.56800079345703,46.45500183105469,46.270999908447266,46.47999954223633,45.994998931884766,46.32600021362305,46.474998474121094,46.50899887084961,46.31100082397461,46.137001037597656,46.111000061035156,46.38600158691406,46.44900131225586,46.27000045776367,46.19599914550781,46.08000183105469,45.97700119018555,45.827999114990234,45.76900100708008,45.79999923706055,45.808998107910156,45.69599914550781,45.507999420166016,45.56100082397461,45.810001373291016,45.928001403808594,45.86000061035156,45.68899917602539,45.65999984741211,45.645999908447266,45.415000915527344,45.61800003051758,45.472999572753906,45.5629997253418,45.40800094604492,45.441001892089844,45.68199920654297,45.57500076293945,45.678001403808594,45.64899826049805,45.52399826049805,45.5890007019043,45.65999984741211,45.56399917602539,45.7599983215332,45.5099983215332,45.612998962402344,45.39899826049805,45.22999954223633,44.98099899291992,45.04999923706055,45.17499923706055,45.275001525878906,45.584999084472656,45.66699981689453,45.58000183105469,45.62300109863281,45.691001892089844,45.79499816894531,45.604000091552734,45.665000915527344,45.625,45.56100082397461,45.72700119018555,45.417999267578125,45.59199905395508,45.659000396728516,45.310001373291016,45.224998474121094,45.07099914550781,45.39899826049805,45.375,45.44499969482422,45.435001373291016,45.266998291015625,45.125,45.06999969482422,45.00600051879883,44.8849983215332,44.85499954223633,44.959999084472656,44.82600021362305,44.81100082397461,45.125,45.040000915527344,45.0099983215332,45.119998931884766,45.33000183105469,45.308998107910156,45.38800048828125,45.08100128173828,44.91999816894531,44.84299850463867,44.9640007019043,44.970001220703125,44.933998107910156,44.90800094604492,44.9900016784668,44.939998626708984,44.888999938964844,44.90999984741211,44.79999923706055,44.76599884033203,44.61199951171875,44.75,44.60300064086914,44.534000396728516,44.38800048828125,44.49399948120117,44.492000579833984,44.09000015258789,43.8380012512207,44.066001892089844,44.07400131225586,44.0,44.3390007019043,44.33000183105469,44.39899826049805,44.16999816894531,44.292999267578125,44.159000396728516,43.88800048828125,43.720001220703125,43.63399887084961,43.75199890136719,43.869998931884766,43.974998474121094,43.8129997253418,44.0,43.98699951171875,43.91400146484375,43.93199920654297,44.08000183105469,44.27000045776367,44.5099983215332,44.290000915527344,44.470001220703125,44.529998779296875,44.375,44.409000396728516,44.43000030517578,44.93000030517578,44.790000915527344,44.97999954223633,45.00899887084961,45.071998596191406,45.11000061035156,45.16999816894531,45.11000061035156,45.28900146484375,45.46799850463867,45.63199996948242,45.512001037597656,45.650001525878906,45.51599884033203,45.685001373291016,45.724998474121094,45.75199890136719,45.569000244140625,45.5890007019043,45.689998626708984,46.20899963378906,46.45000076293945,46.42499923706055,46.15999984741211,46.19499969482422,46.30699920654297,46.3380012512207,46.349998474121094,46.404998779296875,46.61000061035156,46.529998779296875,46.529998779296875,46.36000061035156,46.31999969482422,46.18000030517578,46.130001068115234,46.23500061035156,46.266998291015625,46.23899841308594
HYHG,58.88999938964844,59.2599983215332,59.290000915527344,60.0,59.83000183105469,59.9900016784668,60.11000061035156,60.189998626708984,60.47999954223633,60.189998626708984,59.88999938964844,59.279998779296875,59.849998474121094,59.91999816894531,59.95000076293945,59.88999938964844,60.02000045776367,60.06999969482422,60.0,60.13999938964844,60.689998626708984,60.91999816894531,60.68000030517578,60.58000183105469,60.529998779296875,60.439998626708984,60.25,59.75,59.90999984741211,59.93000030517578,59.95000076293945,59.70000076293945,59.84000015258789,58.95000076293945,59.470001220703125,60.06999969482422,60.119998931884766,60.2599983215332,60.189998626708984,60.08000183105469,60.189998626708984,60.52000045776367,60.97999954223633,60.459999084472656,60.189998626708984,59.540000915527344,58.810001373291016,57.84000015258789,58.689998626708984,57.709999084472656,58.630001068115234,57.68000030517578,57.810001373291016,58.70000076293945,58.619998931884766,57.810001373291016,57.79999923706055,58.11000061035156,58.16999816894531,58.880001068115234,59.36000061035156,59.72999954223633,59.33000183105469,58.869998931884766,58.349998474121094,58.630001068115234,58.83000183105469,59.189998626708984,59.119998931884766,59.529998779296875,59.56999969482422,59.40999984741211,59.83000183105469,59.66999816894531,59.31999969482422,59.40999984741211,59.599998474121094,59.130001068115234,58.77000045776367,59.439998626708984,59.45000076293945,59.15999984741211,58.70000076293945,58.560001373291016,58.13999938964844,58.72999954223633,58.880001068115234,58.790000915527344,58.810001373291016,58.72999954223633,58.779998779296875,58.77000045776367,58.5099983215332,58.88999938964844,58.900001525878906,59.20000076293945,59.4900016784668,59.27000045776367,58.810001373291016,59.0099983215332,59.47999954223633,59.369998931884766,59.209999084472656,59.040000915527344,59.790000915527344,59.72999954223633,59.779998779296875,59.83000183105469,59.86000061035156,60.279998779296875,60.18000030517578,60.470001220703125,60.439998626708984,60.470001220703125,60.599998474121094,60.36000061035156,60.20000076293945,60.209999084472656,59.90999984741211,59.93000030517578,60.25,60.43000030517578,60.790000915527344,61.18000030517578,60.77000045776367,60.70000076293945,60.709999084472656,60.70000076293945,60.630001068115234,60.900001525878906,61.189998626708984,61.310001373291016,61.099998474121094,61.040000915527344,61.0099983215332,61.209999084472656,61.099998474121094,61.34000015258789,61.43000030517578,61.2400016784668,61.36000061035156,61.310001373291016,61.45000076293945,61.70000076293945,61.099998474121094,60.849998474121094,60.849998474121094,61.060001373291016,60.9900016784668,61.040000915527344,61.099998474121094,61.279998779296875,61.41999816894531,61.459999084472656,61.400001525878906,61.38999938964844,61.25,61.040000915527344,61.16999816894531,61.220001220703125,61.560001373291016,61.349998474121094,61.68000030517578,61.810001373291016,61.88999938964844,61.93000030517578,61.84000015258789,61.63999938964844,61.439998626708984,60.77000045776367,61.4900016784668,61.689998626708984,61.7599983215332,61.68000030517578,61.86000061035156,62.0,61.83000183105469,61.91999816894531,61.7400016784668,61.88999938964844,61.47999954223633,61.630001068115234,61.52000045776367,61.369998931884766,61.34000015258789,61.470001220703125,61.52000045776367,60.880001068115234,60.59000015258789,60.5099983215332,60.5099983215332,60.97999954223633,60.849998474121094,61.04999923706055,60.93000030517578,60.88999938964844,60.65999984741211,60.849998474121094,60.86000061035156,60.810001373291016,60.75,60.540000915527344,60.720001220703125,61.13999938964844,61.02000045776367,60.72999954223633,60.790000915527344,60.7400016784668,61.09000015258789,60.77000045776367,61.70000076293945,61.97999954223633,61.970001220703125,61.5,61.560001373291016,61.40999984741211,61.68000030517578,61.599998474121094,63.0,61.81999969482422,61.63999938964844,61.810001373291016,62.02000045776367,61.959999084472656,62.20000076293945,62.08000183105469,62.02000045776367,62.029998779296875,62.470001220703125,62.189998626708984,62.18000030517578,62.040000915527344,62.27000045776367,62.25,62.29999923706055,62.400001525878906,62.119998931884766,62.529998779296875,62.56999969482422,62.93000030517578,62.810001373291016,62.77000045776367,62.84000015258789,62.619998931884766,62.650001525878906,62.849998474121094,62.90999984741211,63.119998931884766,62.9900016784668,62.900001525878906,62.63999938964844,62.47999954223633,62.52000045776367,62.619998931884766,62.79999923706055,63.060001373291016,63.41999816894531
GRNB,23.010000228881836,23.165000915527344,23.149999618530273,23.34000015258789,23.385000228881836,23.329999923706055,23.424999237060547,23.59000015258789,23.53499984741211,23.511999130249023,23.684999465942383,23.670000076293945,23.59000015258789,23.559999465942383,23.625,23.614999771118164,23.60300064086914,23.575000762939453,23.489999771118164,23.5939998626709,23.709999084472656,23.700000762939453,23.56999969482422,23.405000686645508,23.402999877929688,23.427000045776367,23.343000411987305,23.2549991607666,23.295000076293945,23.238000869750977,23.202999114990234,23.149999618530273,23.17099952697754,22.961000442504883,22.989999771118164,23.06999969482422,23.0,23.02199935913086,23.024999618530273,22.895000457763672,22.889999389648438,23.027000427246094,22.969999313354492,22.940000534057617,22.899999618530273,22.950000762939453,23.139999389648438,23.225000381469727,23.219999313354492,23.299999237060547,23.15999984741211,23.354999542236328,23.270000457763672,23.260000228881836,23.37299919128418,23.475000381469727,23.513999938964844,23.329999923706055,23.31999969482422,23.350000381469727,23.374000549316406,23.510000228881836,23.547000885009766,23.5310001373291,23.610000610351562,23.579999923706055,23.520000457763672,23.60300064086914,23.584999084472656,23.600000381469727,23.496999740600586,23.3799991607666,23.450000762939453,23.3799991607666,23.459999084472656,23.424999237060547,23.524999618530273,23.614999771118164,23.579999923706055,23.538000106811523,23.64299964904785,23.395000457763672,23.530000686645508,23.607999801635742,23.6299991607666,23.540000915527344,23.450000762939453,23.43899917602539,23.549999237060547,23.59000015258789,23.510000228881836,23.489999771118164,23.385000228881836,23.350000381469727,23.329999923706055,23.2549991607666,23.270000457763672,23.15999984741211,23.222000122070312,23.170000076293945,23.18000030517578,23.275999069213867,23.374000549316406,23.354999542236328,23.290000915527344,23.299999237060547,23.31999969482422,23.195999145507812,23.277999877929688,23.264999389648438,23.270000457763672,23.239999771118164,23.249000549316406,23.344999313354492,23.30500030517578,23.360000610351562,23.3700008392334,23.280000686645508,23.25,23.309999465942383,23.28499984741211,23.34600067138672,23.21500015258789,23.295000076293945,23.209999084472656,23.114999771118164,23.013999938964844,23.020000457763672,23.079999923706055,23.125,23.270000457763672,23.389999389648438,23.280000686645508,23.309999465942383,23.360000610351562,23.39900016784668,23.299999237060547,23.33099937438965,23.280000686645508,23.299999237060547,23.34000015258789,23.219999313354492,23.280000686645508,23.301000595092773,23.149999618530273,23.084999084472656,22.979999542236328,23.145000457763672,23.114999771118164,23.1299991607666,23.170000076293945,23.09000015258789,23.030000686645508,22.969999313354492,22.969999313354492,22.920000076293945,22.864999771118164,22.905000686645508,22.844999313354492,22.834999084472656,23.014999389648438,22.989999771118164,22.979999542236328,23.040000915527344,23.125,23.114999771118164,23.149999618530273,23.014999389648438,22.920000076293945,22.895000457763672,22.937999725341797,22.93000030517578,22.915000915527344,22.915000915527344,22.920000076293945,22.915000915527344,22.8700008392334,22.895000457763672,22.85700035095215,22.834999084472656,22.746999740600586,22.795000076293945,22.719999313354492,22.679000854492188,22.600000381469727,22.67099952697754,22.670000076293945,22.5049991607666,22.371000289916992,22.469999313354492,22.459999084472656,22.43000030517578,22.549999237060547,22.56999969482422,22.618999481201172,22.514999389648438,22.579999923706055,22.493999481201172,22.365999221801758,22.350000381469727,22.225000381469727,22.277000427246094,22.350000381469727,22.41200065612793,22.350000381469727,22.39299964904785,22.440000534057617,22.299999237060547,22.381999969482422,22.459999084472656,22.614999771118164,22.68000030517578,22.59000015258789,22.724000930786133,22.764999389648438,22.65999984741211,22.719999313354492,22.674999237060547,22.920000076293945,22.860000610351562,22.920000076293945,22.950000762939453,23.038000106811523,23.020000457763672,23.09000015258789,22.9950008392334,23.11400032043457,23.16699981689453,23.326000213623047,23.204999923706055,23.28700065612793,23.270000457763672,23.309999465942383,23.399999618530273,23.389999389648438,23.288999557495117,23.31999969482422,23.41699981689453,23.61400032043457,23.788000106811523,23.719999313354492,23.719999313354492,23.7450008392334,23.801000595092773,23.81999969482422,23.829999923706055,23.844999313354492,23.889999389648438,23.850000381469727,23.829999923706055,23.69099998474121,23.68000030517578,23.6200008392334,23.670000076293945,23.709999084472656,23.687999725341797,23.643999099731445
TDTT,23.530000686645508,23.510000228881836,23.479999542236328,23.610000610351562,23.639999389648438,23.600000381469727,23.649999618530273,23.75,23.68000030517578,23.649999618530273,23.739999771118164,23.809999465942383,23.760000228881836,23.739999771118164,23.799999237060547,23.809999465942383,23.829999923706055,23.790000915527344,23.729999542236328,23.75,23.8700008392334,23.850000381469727,23.709999084472656,23.6200008392334,23.690000534057617,23.770000457763672,23.690000534057617,23.670000076293945,23.65999984741211,23.6200008392334,23.6299991607666,23.610000610351562,23.6299991607666,23.579999923706055,23.559999465942383,23.59000015258789,23.5,23.520000457763672,23.579999923706055,23.549999237060547,23.579999923706055,23.719999313354492,23.65999984741211,23.510000228881836,23.43000030517578,23.5,23.670000076293945,23.860000610351562,23.81999969482422,24.0,23.81999969482422,23.899999618530273,23.90999984741211,23.84000015258789,24.09000015258789,24.149999618530273,24.110000610351562,24.010000228881836,24.040000915527344,24.059999465942383,24.079999923706055,24.170000076293945,24.110000610351562,24.15999984741211,24.18000030517578,24.18000030517578,24.079999923706055,24.09000015258789,24.09000015258789,24.040000915527344,24.0,23.950000762939453,23.959999084472656,23.93000030517578,24.0,24.010000228881836,24.079999923706055,24.15999984741211,24.139999389648438,24.049999237060547,24.110000610351562,23.860000610351562,23.950000762939453,24.040000915527344,24.06999969482422,24.020000457763672,23.979999542236328,23.969999313354492,23.989999771118164,24.010000228881836,23.93000030517578,23.940000534057617,23.8799991607666,23.8700008392334,23.809999465942383,23.770000457763672,23.770000457763672,23.790000915527344,23.739999771118164,23.6200008392334,23.59000015258789,23.690000534057617,23.739999771118164,23.68000030517578,23.610000610351562,23.649999618530273,23.6200008392334,23.56999969482422,23.6299991607666,23.56999969482422,23.600000381469727,23.520000457763672,23.549999237060547,23.649999618530273,23.579999923706055,23.600000381469727,23.600000381469727,23.559999465942383,23.579999923706055,23.600000381469727,23.530000686645508,23.579999923706055,23.5,23.530000686645508,23.3799991607666,23.329999923706055,23.260000228881836,23.290000915527344,23.31999969482422,23.299999237060547,23.440000534057617,23.530000686645508,23.440000534057617,23.479999542236328,23.450000762939453,23.489999771118164,23.469999313354492,23.479999542236328,23.489999771118164,23.459999084472656,23.5,23.40999984741211,23.459999084472656,23.5,23.3700008392334,23.3700008392334,23.309999465942383,23.450000762939453,23.489999771118164,23.479999542236328,23.450000762939453,23.40999984741211,23.399999618530273,23.350000381469727,23.299999237060547,23.280000686645508,23.290000915527344,23.31999969482422,23.290000915527344,23.280000686645508,23.3799991607666,23.34000015258789,23.31999969482422,23.31999969482422,23.40999984741211,23.3799991607666,23.420000076293945,23.309999465942383,23.290000915527344,23.239999771118164,23.309999465942383,23.31999969482422,23.34000015258789,23.34000015258789,23.360000610351562,23.350000381469727,23.31999969482422,23.34000015258789,23.299999237060547,23.260000228881836,23.219999313354492,23.260000228881836,23.190000534057617,23.15999984741211,23.149999618530273,23.209999084472656,23.190000534057617,23.059999465942383,22.979999542236328,23.030000686645508,23.040000915527344,23.0,23.170000076293945,23.1299991607666,23.170000076293945,23.1299991607666,23.219999313354492,23.200000762939453,23.1200008392334,23.09000015258789,23.149999618530273,23.18000030517578,23.170000076293945,23.149999618530273,23.1200008392334,23.190000534057617,23.239999771118164,23.229999542236328,23.170000076293945,23.170000076293945,23.15999984741211,23.270000457763672,23.219999313354492,23.229999542236328,23.229999542236328,23.139999389648438,23.1299991607666,23.1299991607666,23.280000686645508,23.209999084472656,23.25,23.260000228881836,23.290000915527344,23.280000686645508,23.280000686645508,23.239999771118164,23.270000457763672,23.360000610351562,23.40999984741211,23.389999389648438,23.399999618530273,23.350000381469727,23.360000610351562,23.34000015258789,23.350000381469727,23.309999465942383,23.290000915527344,23.280000686645508,23.510000228881836,23.649999618530273,23.610000610351562,23.579999923706055,23.579999923706055,23.6299991607666,23.6299991607666,23.6200008392334,23.6299991607666,23.65999984741211,23.6299991607666,23.6200008392334,23.610000610351562,23.6200008392334,23.579999923706055,23.540000915527344,23.579999923706055,23.56999969482422,23.559999465942383
AGZ,106.62000274658203,106.91000366210938,106.7699966430664,107.52999877929688,107.62000274658203,107.43000030517578,107.77999877929688,108.22000122070312,107.97000122070312,108.0,108.51000213623047,108.41999816894531,108.4800033569336,108.13999938964844,108.48999786376953,108.61000061035156,108.33999633789062,108.18000030517578,108.02999877929688,108.27999877929688,108.43000030517578,108.3499984741211,108.04000091552734,107.45999908447266,107.41999816894531,107.58999633789062,107.55999755859375,107.2300033569336,107.2699966430664,107.08000183105469,107.16999816894531,106.87000274658203,106.98999786376953,106.62999725341797,106.66000366210938,106.87000274658203,106.54000091552734,106.69999694824219,106.69000244140625,106.05000305175781,105.94999694824219,106.20999908447266,106.1500015258789,105.98999786376953,105.77999877929688,106.30000305175781,107.16999816894531,108.33000183105469,107.58999633789062,108.2300033569336,107.77999877929688,108.27999877929688,108.19000244140625,107.6500015258789,108.08000183105469,108.68000030517578,108.76000213623047,108.13999938964844,108.0,107.9800033569336,108.20999908447266,108.2300033569336,108.2300033569336,108.56999969482422,108.83000183105469,108.86000061035156,108.33000183105469,108.3499984741211,108.5,108.48999786376953,108.18000030517578,107.93000030517578,107.8499984741211,107.7699966430664,108.19000244140625,107.9800033569336,108.18000030517578,108.73999786376953,108.58000183105469,108.2699966430664,108.54000091552734,107.80999755859375,108.44000244140625,108.79000091552734,108.8499984741211,108.56999969482422,108.30000305175781,108.25,108.66999816894531,108.81999969482422,108.54000091552734,108.51000213623047,108.37000274658203,108.19999694824219,108.08000183105469,107.80000305175781,107.66999816894531,107.69999694824219,107.58999633789062,107.23999786376953,107.16999816894531,107.56999969482422,107.77999877929688,107.5999984741211,107.2699966430664,107.30000305175781,107.29000091552734,106.8499984741211,107.33000183105469,107.12999725341797,107.22000122070312,106.94999694824219,107.0,107.30999755859375,107.08000183105469,107.25,107.19999694824219,107.05000305175781,107.23999786376953,107.30999755859375,107.13999938964844,107.2699966430664,106.88999938964844,106.97000122070312,106.58999633789062,106.38999938964844,106.11000061035156,106.16999816894531,106.22000122070312,106.55000305175781,106.93000030517578,107.31999969482422,107.01000213623047,107.13999938964844,107.0999984741211,107.23999786376953,107.0199966430664,107.08000183105469,106.91999816894531,106.87000274658203,107.0,106.62999725341797,106.79000091552734,106.8499984741211,106.37999725341797,106.36000061035156,106.19000244140625,106.62999725341797,106.56999969482422,106.7300033569336,106.73999786376953,106.51000213623047,106.33999633789062,106.16999816894531,106.2300033569336,106.12000274658203,106.33999633789062,106.36000061035156,106.16999816894531,106.05999755859375,106.48999786376953,106.45999908447266,106.33999633789062,106.45999908447266,106.77999877929688,106.87000274658203,106.9800033569336,106.52999877929688,106.29000091552734,106.0999984741211,106.3499984741211,106.3499984741211,106.33999633789062,106.27999877929688,106.41999816894531,106.3499984741211,106.26000213623047,106.22000122070312,106.08999633789062,106.01000213623047,105.91000366210938,106.05000305175781,105.87000274658203,105.94999694824219,105.72000122070312,105.93000030517578,105.80000305175781,105.19999694824219,104.80000305175781,105.27999877929688,105.38999938964844,105.16999816894531,105.69000244140625,105.55000305175781,105.56999969482422,105.48999786376953,105.5999984741211,105.47000122070312,104.9800033569336,104.87000274658203,104.97000122070312,105.18000030517578,105.41000366210938,105.41999816894531,105.19000244140625,105.41999816894531,105.55000305175781,105.41000366210938,105.4000015258789,105.55999755859375,105.77999877929688,106.12000274658203,105.88999938964844,106.0,106.08000183105469,105.80999755859375,105.81999969482422,105.7300033569336,106.48999786376953,106.16000366210938,106.37999725341797,106.41999816894531,106.44000244140625,106.6500015258789,106.62000274658203,106.41999816894531,106.68000030517578,106.94000244140625,107.20999908447266,107.13999938964844,107.23999786376953,107.0199966430664,107.2699966430664,107.33999633789062,107.48999786376953,107.08000183105469,107.08000183105469,107.16999816894531,107.91999816894531,108.0999984741211,108.0,107.9800033569336,107.9800033569336,108.19999694824219,108.22000122070312,108.20999908447266,108.27999877929688,108.55999755859375,108.5,108.43000030517578,108.16999816894531,108.33000183105469,108.05000305175781,107.94999694824219,108.0,108.08999633789062,108.12000274658203
FSMB,19.75,19.780000686645508,19.809999465942383,19.850000381469727,19.8700008392334,19.8700008392334,19.889999389648438,19.93000030517578,19.920000076293945,19.93000030517578,19.969999313354492,19.979999542236328,19.959999084472656,19.950000762939453,19.950000762939453,19.950000762939453,19.959999084472656,19.950000762939453,19.93000030517578,19.96500015258789,19.989999771118164,20.020000457763672,19.975000381469727,19.94499969482422,19.940000534057617,19.940000534057617,19.90999984741211,19.90999984741211,19.90999984741211,19.8799991607666,19.854999542236328,19.780000686645508,19.774999618530273,19.729999542236328,19.684999465942383,19.69499969482422,19.650999069213867,19.68000030517578,19.674999237060547,19.65999984741211,19.643999099731445,19.68000030517578,19.690000534057617,19.670000076293945,19.690000534057617,19.709999084472656,19.739999771118164,19.799999237060547,19.770999908447266,19.84000015258789,19.809999465942383,19.860000610351562,19.825000762939453,19.815000534057617,19.860000610351562,19.854999542236328,19.81999969482422,19.812000274658203,19.834999084472656,19.860000610351562,19.864999771118164,19.8799991607666,19.899999618530273,19.889999389648438,19.950000762939453,19.940000534057617,19.940000534057617,19.959999084472656,19.969999313354492,19.959999084472656,19.93000030517578,19.940000534057617,19.8799991607666,19.81999969482422,19.84000015258789,19.78499984741211,19.809999465942383,19.816999435424805,19.809999465942383,19.790000915527344,19.81999969482422,19.799999237060547,19.81999969482422,19.834999084472656,19.84000015258789,19.84000015258789,19.829999923706055,19.84000015258789,19.850000381469727,19.84000015258789,19.829999923706055,19.809999465942383,19.799999237060547,19.799999237060547,19.719999313354492,19.709999084472656,19.700000762939453,19.670000076293945,19.610000610351562,19.6299991607666,19.6299991607666,19.670000076293945,19.68000030517578,19.690000534057617,19.670000076293945,19.690000534057617,19.700000762939453,19.690000534057617,19.700000762939453,19.739999771118164,19.709999084472656,19.719999313354492,19.739999771118164,19.760000228881836,19.739999771118164,19.75,19.760000228881836,19.760000228881836,19.790000915527344,19.770000457763672,19.739999771118164,19.770000457763672,19.760000228881836,19.739999771118164,19.760000228881836,19.75,19.729999542236328,19.75,19.739999771118164,19.729999542236328,19.760000228881836,19.780000686645508,19.770000457763672,19.760000228881836,19.799999237060547,19.81999969482422,19.81999969482422,19.780000686645508,19.780000686645508,19.760000228881836,19.780000686645508,19.719999313354492,19.725000381469727,19.729999542236328,19.719999313354492,19.719999313354492,19.6299991607666,19.68000030517578,19.65999984741211,19.65999984741211,19.690000534057617,19.68000030517578,19.684999465942383,19.700000762939453,19.670000076293945,19.690000534057617,19.65999984741211,19.660999298095703,19.6299991607666,19.584999084472656,19.600000381469727,19.579999923706055,19.584999084472656,19.6200008392334,19.610000610351562,19.6200008392334,19.6299991607666,19.610000610351562,19.614999771118164,19.6299991607666,19.6200008392334,19.6299991607666,19.6200008392334,19.6200008392334,19.65999984741211,19.6200008392334,19.604999542236328,19.6299991607666,19.584999084472656,19.600000381469727,19.53499984741211,19.489999771118164,19.450000762939453,19.440000534057617,19.43000030517578,19.399999618530273,19.385000228881836,19.3799991607666,19.350000381469727,19.360000610351562,19.3799991607666,19.350000381469727,19.399999618530273,19.40999984741211,19.459999084472656,19.43000030517578,19.469999313354492,19.40999984741211,19.3799991607666,19.375,19.364999771118164,19.3799991607666,19.3799991607666,19.334999084472656,19.315000534057617,19.309999465942383,19.339000701904297,19.325000762939453,19.34000015258789,19.344999313354492,19.399999618530273,19.469999313354492,19.454999923706055,19.520000457763672,19.540000915527344,19.530000686645508,19.540000915527344,19.559999465942383,19.6299991607666,19.6200008392334,19.6299991607666,19.6299991607666,19.65999984741211,19.59000015258789,19.6200008392334,19.621000289916992,19.639999389648438,19.68000030517578,19.709999084472656,19.729000091552734,19.780000686645508,19.790000915527344,19.790000915527344,19.809999465942383,19.829999923706055,19.799999237060547,19.829999923706055,19.81999969482422,19.854999542236328,19.90999984741211,19.899999618530273,19.920000076293945,19.93000030517578,19.969999313354492,19.969999313354492,19.899999618530273,19.90999984741211,19.959999084472656,19.959999084472656,19.950000762939453,19.950000762939453,19.959999084472656,19.920000076293945,19.920000076293945,19.952999114990234,19.94499969482422,19.93000030517578
EMTL,40.349998474121094,40.61000061035156,40.4640007019043,40.79499816894531,40.88100051879883,40.768001556396484,40.959999084472656,41.40999984741211,41.380001068115234,41.41999816894531,41.810001373291016,41.8849983215332,41.8390007019043,41.83000183105469,42.01100158691406,42.04999923706055,42.0099983215332,41.83100128173828,41.70000076293945,41.84000015258789,42.06999969482422,42.05500030517578,41.880001068115234,41.64099884033203,41.50299835205078,41.525001525878906,41.361000061035156,41.13999938964844,41.11199951171875,41.117000579833984,40.99399948120117,40.93000030517578,40.790000915527344,40.5099983215332,40.43899917602539,40.680999755859375,40.58700180053711,40.61399841308594,40.55099868774414,40.27399826049805,40.18000030517578,40.43000030517578,40.41999816894531,40.380001068115234,40.400001525878906,40.40999984741211,40.56399917602539,40.6349983215332,40.51900100708008,40.51100158691406,40.391998291015625,40.51300048828125,40.21699905395508,40.292999267578125,40.483001708984375,40.624000549316406,40.619998931884766,40.483001708984375,40.37799835205078,40.40999984741211,40.691001892089844,40.87900161743164,40.95000076293945,41.0,40.959999084472656,40.95000076293945,40.88999938964844,40.88999938964844,40.97700119018555,40.959999084472656,40.93000030517578,40.86000061035156,40.849998474121094,40.779998779296875,40.83100128173828,40.79999923706055,40.869998931884766,41.064998626708984,41.02000045776367,40.935001373291016,41.11000061035156,40.720001220703125,40.85499954223633,40.979000091552734,40.970001220703125,40.90999984741211,40.84000015258789,40.8650016784668,41.02000045776367,41.060001373291016,40.915000915527344,40.869998931884766,40.81999969482422,40.79899978637695,40.724998474121094,40.665000915527344,40.63999938964844,40.625,40.604000091552734,40.52000045776367,40.79999923706055,40.744998931884766,40.816001892089844,40.70500183105469,40.61000061035156,40.650001525878906,40.694000244140625,40.59000015258789,40.659000396728516,40.689998626708984,40.75,40.73500061035156,40.8380012512207,40.97999954223633,40.99700164794922,41.03200149536133,41.08000183105469,40.96500015258789,40.96099853515625,40.974998474121094,40.96500015258789,40.97800064086914,40.85499954223633,40.93000030517578,40.79999923706055,40.75,40.59000015258789,40.52799987792969,40.59000015258789,40.63999938964844,40.821998596191406,41.03300094604492,41.01100158691406,41.060001373291016,41.150001525878906,41.25,41.1150016784668,41.14500045776367,41.141998291015625,41.1349983215332,41.13999938964844,41.13199996948242,41.20000076293945,41.29999923706055,41.029998779296875,40.915000915527344,40.7599983215332,40.970001220703125,40.928001403808594,40.994998931884766,41.016998291015625,40.98500061035156,40.93000030517578,40.83000183105469,40.70500183105469,40.599998474121094,40.5620002746582,40.54999923706055,40.380001068115234,40.4379997253418,40.68000030517578,40.654998779296875,40.650001525878906,40.689998626708984,40.79999923706055,40.861000061035156,40.91999816894531,40.709999084472656,40.590999603271484,40.55400085449219,40.56999969482422,40.63999938964844,40.55099868774414,40.53900146484375,40.560001373291016,40.56999969482422,40.5099983215332,40.47999954223633,40.439998626708984,40.439998626708984,40.31999969482422,40.369998931884766,40.275001525878906,40.18899917602539,40.099998474121094,40.11000061035156,40.11600112915039,39.80500030517578,39.56999969482422,39.558998107910156,39.50899887084961,39.3849983215332,39.470001220703125,39.56999969482422,39.63999938964844,39.45000076293945,39.55500030517578,39.5,39.380001068115234,39.27000045776367,39.25299835205078,39.2239990234375,39.290000915527344,39.43000030517578,39.31999969482422,39.31999969482422,39.29999923706055,39.30699920654297,39.34000015258789,39.29999923706055,39.56999969482422,39.78799819946289,39.67399978637695,39.7239990234375,39.779998779296875,39.7140007019043,39.731998443603516,39.71500015258789,40.10499954223633,40.064998626708984,40.165000915527344,40.229000091552734,40.33000183105469,40.415000915527344,40.5099983215332,40.47999954223633,40.560001373291016,40.70000076293945,40.93000030517578,40.88999938964844,40.85499954223633,40.779998779296875,40.94499969482422,41.060001373291016,41.13999938964844,41.095001220703125,41.099998474121094,41.11000061035156,41.39799880981445,41.689998626708984,41.69900131225586,41.542999267578125,41.63999938964844,41.722999572753906,41.81999969482422,41.744998931884766,41.724998474121094,41.888999938964844,41.900001525878906,41.939998626708984,41.84000015258789,41.70000076293945,41.619998931884766,41.525001525878906,41.54999923706055,41.5099983215332,41.630001068115234
CMBS,45.91999816894531,46.349998474121094,46.29999923706055,46.380001068115234,46.72999954223633,46.59000015258789,46.7400016784668,47.02000045776367,46.93000030517578,47.0,47.150001525878906,47.36000061035156,47.220001220703125,46.959999084472656,47.099998474121094,47.209999084472656,47.150001525878906,47.11000061035156,47.040000915527344,47.25,47.290000915527344,47.25,47.099998474121094,46.79999923706055,46.7400016784668,46.869998931884766,46.68000030517578,46.66999816894531,46.68000030517578,46.560001373291016,46.470001220703125,46.459999084472656,46.47999954223633,46.13999938964844,46.150001525878906,46.220001220703125,46.22999954223633,46.09000015258789,46.13999938964844,45.93000030517578,45.63999938964844,45.88999938964844,45.95000076293945,45.790000915527344,45.66999816894531,45.97999954223633,46.38999938964844,46.970001220703125,46.470001220703125,47.0,46.560001373291016,47.02000045776367,46.68000030517578,46.29999923706055,46.630001068115234,46.650001525878906,46.61000061035156,46.29999923706055,46.119998931884766,46.16999816894531,46.040000915527344,46.189998626708984,46.29999923706055,46.470001220703125,46.7400016784668,46.709999084472656,46.31999969482422,46.470001220703125,46.45000076293945,46.38999938964844,46.380001068115234,46.22999954223633,46.29999923706055,46.16999816894531,46.459999084472656,46.400001525878906,46.560001373291016,46.849998474121094,46.77000045776367,46.720001220703125,46.91999816894531,46.45000076293945,46.709999084472656,46.90999984741211,47.060001373291016,46.790000915527344,46.59000015258789,46.540000915527344,46.7599983215332,47.06999969482422,46.88999938964844,46.72999954223633,46.540000915527344,46.470001220703125,46.290000915527344,46.279998779296875,46.150001525878906,46.27000045776367,46.13999938964844,45.95000076293945,46.0,46.119998931884766,46.27000045776367,46.36000061035156,46.09000015258789,46.029998779296875,46.09000015258789,45.959999084472656,46.099998474121094,45.93000030517578,46.029998779296875,45.880001068115234,45.90999984741211,46.060001373291016,45.869998931884766,46.130001068115234,46.13999938964844,45.95000076293945,45.97999954223633,46.16999816894531,45.9900016784668,46.040000915527344,45.93000030517578,45.86000061035156,45.66999816894531,45.5,45.25,45.25,45.290000915527344,45.63999938964844,45.7400016784668,46.0,46.029998779296875,45.91999816894531,45.97999954223633,46.0,45.93000030517578,45.810001373291016,45.83000183105469,45.779998779296875,45.91999816894531,45.70000076293945,45.77000045776367,45.790000915527344,45.4900016784668,45.59000015258789,45.63999938964844,45.68000030517578,45.70000076293945,45.779998779296875,45.88999938964844,45.650001525878906,45.599998474121094,45.47999954223633,45.43000030517578,45.31999969482422,45.290000915527344,45.31999969482422,45.13999938964844,45.0,45.33000183105469,45.33000183105469,45.22999954223633,45.290000915527344,45.58000183105469,45.619998931884766,45.65999984741211,45.459999084472656,45.369998931884766,45.27000045776367,45.38999938964844,45.41999816894531,45.310001373291016,45.2599983215332,45.369998931884766,45.380001068115234,45.279998779296875,45.220001220703125,45.09000015258789,44.959999084472656,45.060001373291016,45.11000061035156,45.0,44.91999816894531,44.880001068115234,45.040000915527344,45.040000915527344,44.689998626708984,44.52000045776367,44.61000061035156,44.779998779296875,44.599998474121094,44.91999816894531,44.91999816894531,44.79999923706055,44.68000030517578,44.77000045776367,44.7400016784668,44.31999969482422,44.20000076293945,44.31999969482422,44.34000015258789,44.459999084472656,44.459999084472656,44.349998474121094,44.470001220703125,44.58000183105469,44.459999084472656,44.43000030517578,44.529998779296875,44.61000061035156,44.93000030517578,44.79999923706055,44.900001525878906,44.95000076293945,44.779998779296875,44.70000076293945,44.83000183105469,45.099998474121094,45.060001373291016,45.220001220703125,45.13999938964844,45.22999954223633,45.279998779296875,45.349998474121094,45.189998626708984,45.400001525878906,45.5099983215332,45.650001525878906,45.619998931884766,45.720001220703125,45.65999984741211,45.77000045776367,45.88999938964844,45.93000030517578,45.779998779296875,45.81999969482422,45.7599983215332,46.20000076293945,46.27000045776367,46.29999923706055,46.38999938964844,46.5099983215332,46.599998474121094,46.689998626708984,46.630001068115234,46.59000015258789,46.90999984741211,46.849998474121094,46.790000915527344,46.709999084472656,46.650001525878906,46.630001068115234,46.58000183105469,46.599998474121094,46.65999984741211,46.4900016784668
VTIP,46.70000076293945,46.650001525878906,46.619998931884766,46.810001373291016,46.81999969482422,46.790000915527344,46.84000015258789,47.02000045776367,46.91999816894531,46.900001525878906,46.97999954223633,47.11000061035156,47.040000915527344,47.029998779296875,47.099998474121094,47.119998931884766,47.11000061035156,47.11000061035156,47.02000045776367,47.08000183105469,47.22999954223633,47.209999084472656,46.970001220703125,46.84000015258789,46.970001220703125,47.08000183105469,47.0,46.959999084472656,46.970001220703125,46.90999984741211,46.959999084472656,46.91999816894531,46.939998626708984,46.88999938964844,46.849998474121094,46.88999938964844,46.7599983215332,46.84000015258789,46.88999938964844,46.86000061035156,46.90999984741211,47.09000015258789,47.040000915527344,46.810001373291016,46.689998626708984,46.79999923706055,47.0,47.310001373291016,47.25,47.59000015258789,47.29999923706055,47.41999816894531,47.439998626708984,47.33000183105469,47.63999938964844,47.83000183105469,47.720001220703125,47.59000015258789,47.599998474121094,47.650001525878906,47.66999816894531,47.81999969482422,47.84000015258789,47.93000030517578,47.95000076293945,47.97999954223633,47.83000183105469,47.849998474121094,47.810001373291016,47.77000045776367,47.7400016784668,47.63999938964844,47.65999984741211,47.630001068115234,47.709999084472656,47.7400016784668,47.84000015258789,47.95000076293945,47.900001525878906,47.79999923706055,47.84000015258789,47.70000076293945,47.869998931884766,47.97999954223633,48.0,47.95000076293945,47.900001525878906,47.869998931884766,47.90999984741211,47.91999816894531,47.79999923706055,47.810001373291016,47.75,47.72999954223633,47.65999984741211,47.599998474121094,47.599998474121094,47.630001068115234,47.540000915527344,47.400001525878906,47.369998931884766,47.47999954223633,47.529998779296875,47.59000015258789,47.47999954223633,47.54999923706055,47.52000045776367,47.470001220703125,47.54999923706055,47.459999084472656,47.5,47.38999938964844,47.40999984741211,47.56999969482422,47.5,47.5,47.5,47.470001220703125,47.5,47.5099983215332,47.459999084472656,47.5099983215332,47.369998931884766,47.41999816894531,47.06999969482422,47.0099983215332,46.900001525878906,46.93000030517578,46.9900016784668,46.95000076293945,47.18000030517578,47.33000183105469,47.16999816894531,47.209999084472656,47.18000030517578,47.22999954223633,47.209999084472656,47.220001220703125,47.2599983215332,47.220001220703125,47.279998779296875,47.18000030517578,47.2599983215332,47.29999923706055,47.220001220703125,47.20000076293945,47.150001525878906,47.34000015258789,47.380001068115234,47.380001068115234,47.369998931884766,47.29999923706055,47.27000045776367,47.20000076293945,47.150001525878906,47.11000061035156,47.150001525878906,47.18000030517578,47.130001068115234,47.13999938964844,47.279998779296875,47.209999084472656,47.20000076293945,47.220001220703125,47.34000015258789,47.310001373291016,47.380001068115234,47.349998474121094,47.33000183105469,47.27000045776367,47.369998931884766,47.400001525878906,47.43000030517578,47.43000030517578,47.470001220703125,47.470001220703125,47.43000030517578,47.439998626708984,47.40999984741211,47.33000183105469,47.310001373291016,47.349998474121094,47.27000045776367,47.209999084472656,47.20000076293945,47.310001373291016,47.279998779296875,46.849998474121094,46.720001220703125,46.779998779296875,46.81999969482422,46.779998779296875,46.959999084472656,46.959999084472656,47.0,46.97999954223633,47.11000061035156,47.099998474121094,46.9900016784668,46.95000076293945,47.040000915527344,47.119998931884766,47.08000183105469,47.04999923706055,47.0099983215332,47.119998931884766,47.20000076293945,47.15999984741211,47.13999938964844,47.279998779296875,47.279998779296875,47.40999984741211,47.349998474121094,47.36000061035156,47.33000183105469,47.220001220703125,47.220001220703125,47.25,47.40999984741211,47.310001373291016,47.400001525878906,47.41999816894531,47.470001220703125,47.459999084472656,47.45000076293945,47.400001525878906,47.45000076293945,47.58000183105469,47.66999816894531,47.619998931884766,47.75,47.68000030517578,47.709999084472656,47.65999984741211,47.68000030517578,47.61000061035156,47.599998474121094,47.59000015258789,47.90999984741211,48.11000061035156,48.060001373291016,48.040000915527344,48.029998779296875,48.119998931884766,48.119998931884766,47.439998626708984,47.470001220703125,47.540000915527344,47.47999954223633,47.4900016784668,47.439998626708984,47.47999954223633,47.43000030517578,47.380001068115234,47.40999984741211,47.40999984741211,47.40999984741211
IGSB,49.88999938964844,49.959999084472656,49.88999938964844,50.18000030517578,50.220001220703125,50.189998626708984,50.29999923706055,50.470001220703125,50.38999938964844,50.41999816894531,50.63999938964844,50.58000183105469,50.58000183105469,50.5,50.56999969482422,50.59000015258789,50.560001373291016,50.540000915527344,50.470001220703125,50.65999984741211,50.70000076293945,50.75,50.4900016784668,50.310001373291016,50.34000015258789,50.349998474121094,50.25,50.209999084472656,50.18000030517578,50.119998931884766,50.08000183105469,50.04999923706055,50.11000061035156,49.91999816894531,49.939998626708984,50.0,49.84000015258789,49.93000030517578,49.91999816894531,49.65999984741211,49.709999084472656,49.79999923706055,49.77000045776367,49.61000061035156,49.560001373291016,49.689998626708984,49.939998626708984,50.0099983215332,49.970001220703125,50.11000061035156,49.91999816894531,50.15999984741211,50.13999938964844,50.209999084472656,50.4900016784668,50.540000915527344,50.619998931884766,50.290000915527344,50.25,50.33000183105469,50.34000015258789,50.540000915527344,50.599998474121094,50.650001525878906,50.68000030517578,50.61000061035156,50.5099983215332,50.5099983215332,50.560001373291016,50.65999984741211,50.529998779296875,50.439998626708984,50.45000076293945,50.36000061035156,50.5,50.4900016784668,50.56999969482422,50.7599983215332,50.66999816894531,50.56999969482422,50.709999084472656,50.38999938964844,50.54999923706055,50.689998626708984,50.72999954223633,50.58000183105469,50.47999954223633,50.47999954223633,50.66999816894531,50.70000076293945,50.58000183105469,50.56999969482422,50.470001220703125,50.439998626708984,50.31999969482422,50.310001373291016,50.310001373291016,50.31999969482422,50.22999954223633,50.099998474121094,50.130001068115234,50.29999923706055,50.34000015258789,50.310001373291016,50.18000030517578,50.16999816894531,50.15999984741211,50.04999923706055,50.16999816894531,50.029998779296875,50.130001068115234,50.029998779296875,50.02000045776367,50.20000076293945,50.130001068115234,50.18000030517578,50.15999984741211,50.099998474121094,50.119998931884766,50.189998626708984,50.130001068115234,50.220001220703125,50.09000015258789,50.16999816894531,49.95000076293945,49.88999938964844,49.7599983215332,49.79999923706055,49.91999816894531,49.970001220703125,50.18000030517578,50.369998931884766,50.15999984741211,50.22999954223633,50.2599983215332,50.27000045776367,50.20000076293945,50.2400016784668,50.20000076293945,50.16999816894531,50.310001373291016,50.130001068115234,50.279998779296875,50.310001373291016,50.08000183105469,50.060001373291016,50.040000915527344,50.20000076293945,50.220001220703125,50.25,50.20000076293945,50.119998931884766,50.040000915527344,49.9900016784668,49.95000076293945,49.88999938964844,49.900001525878906,49.970001220703125,49.880001068115234,49.849998474121094,50.04999923706055,49.9900016784668,49.9900016784668,50.040000915527344,50.18000030517578,50.16999816894531,50.2400016784668,50.040000915527344,49.93000030517578,49.86000061035156,50.0,49.959999084472656,49.97999954223633,49.91999816894531,49.9900016784668,49.970001220703125,49.95000076293945,49.959999084472656,49.900001525878906,49.86000061035156,49.810001373291016,49.90999984741211,49.849998474121094,49.79999923706055,49.7400016784668,49.83000183105469,49.83000183105469,49.58000183105469,49.43000030517578,49.58000183105469,49.619998931884766,49.59000015258789,49.83000183105469,49.81999969482422,49.790000915527344,49.70000076293945,49.72999954223633,49.65999984741211,49.4900016784668,49.400001525878906,49.41999816894531,49.54999923706055,49.630001068115234,49.650001525878906,49.59000015258789,49.689998626708984,49.709999084472656,49.66999816894531,49.66999816894531,49.7400016784668,49.810001373291016,49.959999084472656,49.84000015258789,49.93000030517578,49.91999816894531,49.79999923706055,49.869998931884766,49.880001068115234,50.20000076293945,50.09000015258789,50.22999954223633,50.22999954223633,50.27000045776367,50.31999969482422,50.369998931884766,50.310001373291016,50.41999816894531,50.56999969482422,50.720001220703125,50.65999984741211,50.70000076293945,50.61000061035156,50.70000076293945,50.70000076293945,50.7400016784668,50.599998474121094,50.59000015258789,50.65999984741211,51.060001373291016,51.02000045776367,50.959999084472656,50.939998626708984,50.970001220703125,51.060001373291016,51.119998931884766,51.13999938964844,51.16999816894531,51.27000045776367,51.25,51.279998779296875,51.130001068115234,51.11000061035156,51.060001373291016,51.029998779296875,51.119998931884766,51.13999938964844,51.150001525878906
USTB,48.689998626708984,48.72999954223633,48.72999954223633,48.83000183105469,48.900001525878906,48.90999984741211,48.95500183105469,49.0099983215332,48.95000076293945,48.970001220703125,49.099998474121094,49.08000183105469,49.060001373291016,49.06999969482422,49.06999969482422,49.119998931884766,49.13999938964844,49.11000061035156,49.08000183105469,49.17499923706055,49.29499816894531,49.31999969482422,49.20000076293945,49.125,49.15999984741211,49.150001525878906,49.220001220703125,49.040000915527344,49.025001525878906,48.97999954223633,48.97999954223633,48.959999084472656,48.959999084472656,48.875,48.90999984741211,48.97999954223633,48.86000061035156,48.88999938964844,48.91999816894531,48.86000061035156,48.880001068115234,48.95000076293945,48.91999816894531,48.869998931884766,48.849998474121094,48.93000030517578,48.89400100708008,48.97999954223633,48.880001068115234,48.900001525878906,48.86000061035156,48.91999816894531,48.810001373291016,48.81999969482422,49.099998474121094,49.08000183105469,49.040000915527344,48.880001068115234,48.849998474121094,48.91999816894531,48.939998626708984,49.04999923706055,49.119998931884766,49.189998626708984,49.20000076293945,49.15999984741211,49.130001068115234,48.9900016784668,49.040000915527344,49.099998474121094,49.029998779296875,48.9900016784668,48.994998931884766,49.0,49.11000061035156,49.11000061035156,49.119998931884766,49.2599983215332,49.2400016784668,49.20000076293945,49.25,49.16999816894531,49.2400016784668,49.34000015258789,49.29999923706055,49.220001220703125,49.09000015258789,49.099998474121094,48.970001220703125,48.900001525878906,48.849998474121094,48.880001068115234,48.83000183105469,48.880001068115234,48.81999969482422,48.81999969482422,48.88999938964844,48.869998931884766,48.869998931884766,48.77000045776367,48.84000015258789,48.900001525878906,48.9900016784668,49.02000045776367,48.95000076293945,48.970001220703125,48.970001220703125,48.970001220703125,49.0099983215332,48.81999969482422,48.849998474121094,48.779998779296875,48.77000045776367,48.84000015258789,48.77000045776367,48.84000015258789,48.81999969482422,48.81999969482422,48.84000015258789,48.869998931884766,48.83000183105469,48.88999938964844,48.83000183105469,48.880001068115234,48.849998474121094,48.869998931884766,48.77000045776367,48.810001373291016,48.689998626708984,48.72999954223633,48.939998626708984,49.209999084472656,48.880001068115234,48.88999938964844,48.970001220703125,48.9900016784668,48.939998626708984,49.0,49.02000045776367,48.95000076293945,49.029998779296875,48.959999084472656,49.06999969482422,49.11000061035156,49.084999084472656,49.08000183105469,49.060001373291016,49.25,49.290000915527344,49.06999969482422,48.9900016784668,48.970001220703125,48.93000030517578,48.900001525878906,48.900001525878906,48.880001068115234,48.91999816894531,48.91999816894531,48.93000030517578,48.86000061035156,48.970001220703125,49.0,49.130001068115234,49.02000045776367,49.15999984741211,49.279998779296875,49.11000061035156,49.08000183105469,49.0099983215332,49.09000015258789,48.95000076293945,48.79999923706055,48.83000183105469,48.869998931884766,48.91999816894531,48.95000076293945,48.95000076293945,48.93000030517578,48.915000915527344,48.88999938964844,48.84000015258789,49.029998779296875,48.959999084472656,48.91999816894531,48.845001220703125,48.939998626708984,48.91999816894531,48.84000015258789,48.779998779296875,48.84000015258789,48.880001068115234,48.790000915527344,48.93000030517578,48.93000030517578,48.7400016784668,48.560001373291016,48.61000061035156,48.56999969482422,48.439998626708984,48.369998931884766,48.529998779296875,48.529998779296875,48.529998779296875,48.4900016784668,48.43000030517578,48.54999923706055,48.540000915527344,48.54999923706055,48.560001373291016,48.66999816894531,48.73500061035156,48.904998779296875,48.84000015258789,48.900001525878906,48.69499969482422,48.64500045776367,48.65999984741211,48.68000030517578,48.8849983215332,48.79999923706055,48.880001068115234,48.869998931884766,48.91999816894531,48.900001525878906,48.939998626708984,48.95000076293945,49.08000183105469,49.09000015258789,49.15999984741211,49.18000030517578,49.349998474121094,49.2400016784668,49.34000015258789,49.38999938964844,49.5099983215332,49.33000183105469,49.33000183105469,49.34000015258789,49.560001373291016,49.720001220703125,49.650001525878906,49.33000183105469,49.349998474121094,49.439998626708984,49.47999954223633,49.5099983215332,49.47999954223633,49.59000015258789,49.58000183105469,49.59000015258789,49.439998626708984,49.459999084472656,49.45000076293945,49.439998626708984,49.5,49.5,49.52000045776367
SPTS,28.920000076293945,28.940000534057617,28.920000076293945,29.020000457763672,29.040000915527344,29.030000686645508,29.049999237060547,29.110000610351562,29.059999465942383,29.09000015258789,29.149999618530273,29.1299991607666,29.100000381469727,29.06999969482422,29.09000015258789,29.1200008392334,29.100000381469727,29.09000015258789,29.059999465942383,29.1200008392334,29.100000381469727,29.09000015258789,29.0,28.90999984741211,28.93000030517578,28.940000534057617,28.920000076293945,28.899999618530273,28.920000076293945,28.860000610351562,28.850000381469727,28.850000381469727,28.889999389648438,28.84000015258789,28.84000015258789,28.850000381469727,28.799999237060547,28.809999465942383,28.809999465942383,28.700000762939453,28.709999084472656,28.729999542236328,28.719999313354492,28.670000076293945,28.639999389648438,28.739999771118164,28.889999389648438,29.170000076293945,29.06999969482422,29.239999771118164,29.1299991607666,29.260000228881836,29.239999771118164,29.1200008392334,29.260000228881836,29.34000015258789,29.360000610351562,29.239999771118164,29.209999084472656,29.18000030517578,29.18000030517578,29.229999542236328,29.18000030517578,29.260000228881836,29.290000915527344,29.270000457763672,29.18000030517578,29.18000030517578,29.200000762939453,29.219999313354492,29.15999984741211,29.110000610351562,29.100000381469727,29.09000015258789,29.139999389648438,29.1299991607666,29.170000076293945,29.280000686645508,29.25,29.170000076293945,29.209999084472656,29.06999969482422,29.15999984741211,29.239999771118164,29.299999237060547,29.209999084472656,29.170000076293945,29.15999984741211,29.229999542236328,29.25,29.200000762939453,29.200000762939453,29.170000076293945,29.139999389648438,29.09000015258789,29.059999465942383,29.059999465942383,29.059999465942383,29.020000457763672,28.940000534057617,28.920000076293945,28.989999771118164,29.040000915527344,28.989999771118164,28.90999984741211,28.90999984741211,28.90999984741211,28.8799991607666,28.920000076293945,28.8700008392334,28.889999389648438,28.850000381469727,28.829999923706055,28.889999389648438,28.84000015258789,28.860000610351562,28.850000381469727,28.84000015258789,28.860000610351562,28.8700008392334,28.829999923706055,28.860000610351562,28.780000686645508,28.790000915527344,28.68000030517578,28.68000030517578,28.670000076293945,28.68000030517578,28.739999771118164,28.719999313354492,28.81999969482422,28.8799991607666,28.81999969482422,28.84000015258789,28.84000015258789,28.829999923706055,28.809999465942383,28.799999237060547,28.780000686645508,28.770000457763672,28.799999237060547,28.760000228881836,28.790000915527344,28.799999237060547,28.690000534057617,28.709999084472656,28.709999084472656,28.770000457763672,28.790000915527344,28.799999237060547,28.790000915527344,28.760000228881836,28.739999771118164,28.709999084472656,28.729999542236328,28.709999084472656,28.75,28.739999771118164,28.719999313354492,28.700000762939453,28.75,28.75,28.719999313354492,28.729999542236328,28.799999237060547,28.809999465942383,28.829999923706055,28.729999542236328,28.709999084472656,28.670000076293945,28.709999084472656,28.690000534057617,28.700000762939453,28.690000534057617,28.719999313354492,28.700000762939453,28.700000762939453,28.690000534057617,28.670000076293945,28.65999984741211,28.670000076293945,28.690000534057617,28.68000030517578,28.709999084472656,28.670000076293945,28.709999084472656,28.719999313354492,28.610000610351562,28.59000015258789,28.649999618530273,28.68000030517578,28.639999389648438,28.719999313354492,28.700000762939453,28.700000762939453,28.68000030517578,28.690000534057617,28.65999984741211,28.610000610351562,28.610000610351562,28.649999618530273,28.700000762939453,28.709999084472656,28.700000762939453,28.690000534057617,28.729999542236328,28.760000228881836,28.75,28.719999313354492,28.690000534057617,28.700000762939453,28.780000686645508,28.719999313354492,28.739999771118164,28.75,28.700000762939453,28.690000534057617,28.719999313354492,28.81999969482422,28.770000457763672,28.81999969482422,28.809999465942383,28.799999237060547,28.829999923706055,28.81999969482422,28.799999237060547,28.850000381469727,28.90999984741211,28.959999084472656,28.93000030517578,28.920000076293945,28.8799991607666,28.889999389648438,28.899999618530273,28.93000030517578,28.8700008392334,28.8700008392334,28.860000610351562,29.010000228881836,29.059999465942383,29.030000686645508,28.920000076293945,28.940000534057617,28.989999771118164,29.010000228881836,29.010000228881836,29.010000228881836,29.049999237060547,29.040000915527344,29.049999237060547,29.010000228881836,29.030000686645508,29.0,29.0,29.010000228881836,29.030000686645508,29.030000686645508
PFFA,18.469999313354492,18.959999084472656,19.100000381469727,19.5,19.639999389648438,19.729999542236328,19.8700008392334,19.989999771118164,20.100000381469727,20.440000534057617,20.399999618530273,20.489999771118164,20.360000610351562,20.6299991607666,20.639999389648438,20.59000015258789,20.860000610351562,21.010000228881836,21.06999969482422,21.190000534057617,21.360000610351562,21.65999984741211,21.440000534057617,21.209999084472656,21.1200008392334,21.1200008392334,20.959999084472656,20.950000762939453,21.1200008392334,21.170000076293945,21.139999389648438,21.18000030517578,21.1200008392334,20.420000076293945,20.440000534057617,20.549999237060547,20.530000686645508,20.530000686645508,20.639999389648438,20.6200008392334,20.549999237060547,20.6200008392334,20.780000686645508,20.420000076293945,20.43000030517578,19.940000534057617,19.139999389648438,18.899999618530273,19.110000610351562,18.829999923706055,19.100000381469727,18.56999969482422,18.170000076293945,18.360000610351562,18.329999923706055,18.030000686645508,18.06999969482422,18.290000915527344,18.440000534057617,18.690000534057617,18.889999389648438,19.31999969482422,19.399999618530273,19.329999923706055,19.270000457763672,19.31999969482422,19.260000228881836,19.389999389648438,19.253000259399414,19.350000381469727,19.25,19.25,19.260000228881836,19.25,18.959999084472656,18.950000762939453,18.93000030517578,18.729999542236328,18.610000610351562,18.829999923706055,19.139999389648438,19.040000915527344,18.639999389648438,18.389999389648438,17.940000534057617,18.229999542236328,18.229999542236328,18.1200008392334,18.139999389648438,18.049999237060547,17.959999084472656,18.170000076293945,17.950000762939453,18.25,18.3700008392334,18.434999465942383,18.3799991607666,18.3799991607666,18.229999542236328,18.079999923706055,18.149999618530273,18.280000686645508,18.489999771118164,18.739999771118164,18.989999771118164,19.020000457763672,19.100000381469727,19.16900062561035,19.100000381469727,19.049999237060547,19.100000381469727,19.079999923706055,19.09000015258789,19.06999969482422,19.010000228881836,18.799999237060547,18.889999389648438,18.790000915527344,18.850000381469727,19.010000228881836,19.020000457763672,19.110000610351562,19.18000030517578,19.639999389648438,19.639999389648438,19.559999465942383,19.360000610351562,19.5,19.549999237060547,19.670000076293945,19.760000228881836,19.75,19.690000534057617,19.649999618530273,19.780000686645508,19.899999618530273,19.65999984741211,19.639999389648438,19.729999542236328,19.729999542236328,19.809999465942383,19.690000534057617,19.75,19.920000076293945,19.8700008392334,19.729999542236328,19.59000015258789,19.75,19.75,19.780000686645508,19.729999542236328,19.709999084472656,19.75,19.729999542236328,19.56999969482422,19.549999237060547,19.6200008392334,19.5,19.25,19.020000457763672,19.299999237060547,19.219999313354492,19.270000457763672,19.3799991607666,19.59000015258789,19.6200008392334,19.989999771118164,19.8799991607666,19.739999771118164,19.649999618530273,19.6200008392334,19.639999389648438,19.600000381469727,19.59000015258789,19.579999923706055,19.719999313354492,19.739999771118164,19.780000686645508,19.799999237060547,19.6200008392334,19.219999313354492,19.270000457763672,19.200000762939453,19.059999465942383,19.049999237060547,19.290000915527344,19.34000015258789,19.049999237060547,18.579999923706055,18.579999923706055,18.56999969482422,18.56999969482422,18.690000534057617,18.75,18.8799991607666,18.75,18.739999771118164,18.770000457763672,18.549999237060547,18.520000457763672,18.309999465942383,18.239999771118164,18.139999389648438,18.299999237060547,18.15999984741211,18.219999313354492,18.0,18.040000915527344,18.309999465942383,18.709999084472656,18.979999542236328,19.309999465942383,19.079999923706055,19.059999465942383,19.1299991607666,18.940000534057617,18.81999969482422,18.850000381469727,19.1200008392334,19.15999984741211,19.239999771118164,19.149999618530273,18.979999542236328,18.8700008392334,18.799999237060547,18.799999237060547,18.93000030517578,19.049999237060547,19.149999618530273,19.43000030517578,19.760000228881836,19.780000686645508,19.739999771118164,19.84000015258789,19.850000381469727,19.889999389648438,19.81999969482422,19.84000015258789,20.18000030517578,20.43000030517578,20.43000030517578,20.450000762939453,20.469999313354492,20.34000015258789,20.3700008392334,20.440000534057617,20.459999084472656,20.579999923706055,20.649999618530273,20.709999084472656,20.719999313354492,20.639999389648438,20.549999237060547,20.639999389648438,20.799999237060547,20.829999923706055,20.860000610351562
SUSB,23.780000686645508,23.815000534057617,23.780000686645508,23.933000564575195,23.940000534057617,23.93000030517578,23.969999313354492,24.06999969482422,24.020000457763672,24.040000915527344,24.139999389648438,24.1299991607666,24.100000381469727,24.079999923706055,24.09000015258789,24.110000610351562,24.100000381469727,24.075000762939453,24.059999465942383,24.139999389648438,24.170000076293945,24.190000534057617,24.079999923706055,23.989999771118164,23.989999771118164,24.020000457763672,23.959999084472656,23.940000534057617,23.920000076293945,23.8700008392334,23.860000610351562,23.84000015258789,23.8799991607666,23.809999465942383,23.809999465942383,23.829999923706055,23.764999389648438,23.799999237060547,23.790000915527344,23.665000915527344,23.690000534057617,23.719999313354492,23.71500015258789,23.655000686645508,23.6299991607666,23.684999465942383,23.790000915527344,23.81999969482422,23.809999465942383,23.8700008392334,23.790000915527344,23.899999618530273,23.8700008392334,23.899999618530273,24.040000915527344,24.09000015258789,24.114999771118164,23.969999313354492,23.940000534057617,23.969999313354492,23.985000610351562,24.059999465942383,24.1299991607666,24.165000915527344,24.18000030517578,24.139999389648438,24.09000015258789,24.084999084472656,24.104999542236328,24.15999984741211,24.100000381469727,24.040000915527344,24.05500030517578,24.0,24.059999465942383,24.079999923706055,24.110000610351562,24.190000534057617,24.15999984741211,24.09000015258789,24.170000076293945,24.020000457763672,24.100000381469727,24.18000030517578,24.19499969482422,24.1299991607666,24.079999923706055,24.075000762939453,24.15999984741211,24.190000534057617,24.1200008392334,24.107999801635742,24.059999465942383,24.040000915527344,23.985000610351562,23.97599983215332,23.989999771118164,23.9950008392334,23.959999084472656,23.8799991607666,23.899999618530273,23.979999542236328,24.010000228881836,24.0,23.93000030517578,23.924999237060547,23.915000915527344,23.844999313354492,23.90999984741211,23.860000610351562,23.8799991607666,23.84000015258789,23.854999542236328,23.940000534057617,23.899999618530273,23.920000076293945,23.920000076293945,23.8799991607666,23.889999389648438,23.93000030517578,23.885000228881836,23.950000762939453,23.8700008392334,23.90999984741211,23.834999084472656,23.799999237060547,23.729999542236328,23.770000457763672,23.809999465942383,23.84000015258789,23.940000534057617,24.020000457763672,23.920000076293945,23.950000762939453,23.959999084472656,23.989999771118164,23.93000030517578,23.959999084472656,23.93000030517578,23.93000030517578,23.989999771118164,23.920000076293945,23.959999084472656,24.0,23.8799991607666,23.889999389648438,23.854999542236328,23.950000762939453,23.969999313354492,23.979999542236328,23.950000762939453,23.920000076293945,23.860000610351562,23.844999313354492,23.829999923706055,23.790000915527344,23.799999237060547,23.84000015258789,23.795000076293945,23.780000686645508,23.8700008392334,23.850000381469727,23.829999923706055,23.864999771118164,23.940000534057617,23.940000534057617,23.969999313354492,23.8799991607666,23.829999923706055,23.770000457763672,23.850000381469727,23.84000015258789,23.84000015258789,23.81999969482422,23.850000381469727,23.829999923706055,23.84000015258789,23.84000015258789,23.799999237060547,23.790000915527344,23.760000228881836,23.799999237060547,23.780000686645508,23.760000228881836,23.719999313354492,23.764999389648438,23.770000457763672,23.645000457763672,23.579999923706055,23.65999984741211,23.68000030517578,23.65999984741211,23.780000686645508,23.760000228881836,23.739999771118164,23.69499969482422,23.709999084472656,23.690000534057617,23.600000381469727,23.559999465942383,23.56999969482422,23.649999618530273,23.68000030517578,23.690000534057617,23.649999618530273,23.700000762939453,23.709999084472656,23.700000762939453,23.700000762939453,23.739999771118164,23.780000686645508,23.850000381469727,23.799999237060547,23.850000381469727,23.829999923706055,23.760000228881836,23.790000915527344,23.799999237060547,23.959999084472656,23.90999984741211,23.954999923706055,23.979999542236328,23.979999542236328,24.010000228881836,24.040000915527344,24.010000228881836,24.059999465942383,24.1299991607666,24.209999084472656,24.190000534057617,24.209999084472656,24.170000076293945,24.209999084472656,24.209999084472656,24.229999542236328,24.170000076293945,24.15999984741211,24.200000762939453,24.3799991607666,24.3700008392334,24.350000381469727,24.34000015258789,24.350000381469727,24.389999389648438,24.420000076293945,24.43000030517578,24.434999465942383,24.479999542236328,24.479999542236328,24.479999542236328,24.43000030517578,24.415000915527344,24.389999389648438,24.3700008392334,24.420000076293945,24.440000534057617,24.440000534057617
VCSH,75.2699966430664,75.4000015258789,75.25,75.72000122070312,75.80999755859375,75.7699966430664,75.91999816894531,76.19000244140625,76.06999969482422,76.12000274658203,76.43000030517578,76.38999938964844,76.31999969482422,76.22000122070312,76.30999755859375,76.33999633789062,76.30999755859375,76.25,76.1500015258789,76.4800033569336,76.51000213623047,76.56999969482422,76.20999908447266,75.91999816894531,75.94000244140625,76.0,75.83999633789062,75.75,75.73999786376953,75.61000061035156,75.52999877929688,75.48999786376953,75.58000183105469,75.30000305175781,75.30999755859375,75.41000366210938,75.18000030517578,75.29000091552734,75.27999877929688,74.9000015258789,74.97000122070312,75.12000274658203,75.08999633789062,74.83999633789062,74.76000213623047,74.94000244140625,75.29000091552734,75.33000183105469,75.30999755859375,75.47000122070312,75.25,75.5999984741211,75.54000091552734,75.68000030517578,76.08000183105469,76.19999694824219,76.30000305175781,75.83999633789062,75.75,75.87999725341797,75.91999816894531,76.2300033569336,76.33999633789062,76.43000030517578,76.45999908447266,76.38999938964844,76.22000122070312,76.18000030517578,76.2699966430664,76.41999816894531,76.25,76.08999633789062,76.11000061035156,75.97000122070312,76.19000244140625,76.16000366210938,76.29000091552734,76.54000091552734,76.44000244140625,76.25,76.44000244140625,76.0199966430664,76.23999786376953,76.47000122070312,76.5,76.29000091552734,76.12999725341797,76.12000274658203,76.41999816894531,76.4800033569336,76.29000091552734,76.2699966430664,76.12999725341797,76.04000091552734,75.87000274658203,75.86000061035156,75.8499984741211,75.9000015258789,75.75,75.56999969482422,75.58000183105469,75.9000015258789,75.94999694824219,75.9000015258789,75.72000122070312,75.68000030517578,75.6500015258789,75.5,75.66999816894531,75.4800033569336,75.58999633789062,75.47000122070312,75.45999908447266,75.7300033569336,75.62000274658203,75.70999908447266,75.69000244140625,75.5999984741211,75.62000274658203,75.73999786376953,75.62000274658203,75.77999877929688,75.58000183105469,75.66000366210938,75.37999725341797,75.27999877929688,75.11000061035156,75.12999725341797,75.33000183105469,75.41999816894531,75.70999908447266,75.98999786376953,75.69000244140625,75.75,75.79000091552734,75.8499984741211,75.7300033569336,75.79000091552734,75.7300033569336,75.69000244140625,75.91000366210938,75.6500015258789,75.83999633789062,75.93000030517578,75.56999969482422,75.52999877929688,75.48999786376953,75.73999786376953,75.79000091552734,75.83999633789062,75.76000213623047,75.62000274658203,75.4800033569336,75.41000366210938,75.33999633789062,75.26000213623047,75.2699966430664,75.37000274658203,75.25,75.20999908447266,75.5,75.41999816894531,75.33999633789062,75.47000122070312,75.69999694824219,75.68000030517578,75.80000305175781,75.48999786376953,75.33999633789062,75.20999908447266,75.41000366210938,75.37000274658203,75.36000061035156,75.30000305175781,75.38999938964844,75.37000274658203,75.33999633789062,75.36000061035156,75.26000213623047,75.19999694824219,75.12000274658203,75.2699966430664,75.18000030517578,75.12999725341797,74.98999786376953,75.16999816894531,75.1500015258789,74.7699966430664,74.56999969482422,74.73999786376953,74.80999755859375,74.7699966430664,75.12999725341797,75.11000061035156,75.08000183105469,74.94000244140625,75.0,74.88999938964844,74.61000061035156,74.48999786376953,74.51000213623047,74.69999694824219,74.83000183105469,74.86000061035156,74.75,74.93000030517578,74.94999694824219,74.86000061035156,74.86000061035156,74.9800033569336,75.0999984741211,75.33999633789062,75.18000030517578,75.30999755859375,75.30000305175781,75.12999725341797,75.19999694824219,75.23999786376953,75.69999694824219,75.55000305175781,75.76000213623047,75.7699966430664,75.80000305175781,75.91999816894531,75.98999786376953,75.9000015258789,76.05999755859375,76.30000305175781,76.48999786376953,76.41999816894531,76.47000122070312,76.36000061035156,76.5,76.48999786376953,76.55999755859375,76.33999633789062,76.33000183105469,76.44000244140625,77.01000213623047,77.19000244140625,77.12999725341797,77.08999633789062,77.16000366210938,77.27999877929688,77.36000061035156,77.16999816894531,77.16999816894531,77.33000183105469,77.33999633789062,77.37000274658203,77.18000030517578,77.12999725341797,77.06999969482422,77.01000213623047,77.1500015258789,77.18000030517578,77.22000122070312
STIP,97.0,96.87999725341797,96.86000061035156,97.1500015258789,97.23999786376953,97.18000030517578,97.26000213623047,97.63999938964844,97.44999694824219,97.36000061035156,97.58000183105469,97.83999633789062,97.66000366210938,97.66000366210938,97.80999755859375,97.87999725341797,97.91000366210938,97.81999969482422,97.62999725341797,97.75,98.08999633789062,98.05000305175781,97.55000305175781,97.30999755859375,97.55999755859375,97.75,97.5999984741211,97.54000091552734,97.52999877929688,97.38999938964844,97.4800033569336,97.44999694824219,97.44000244140625,97.36000061035156,97.25,97.36000061035156,97.08000183105469,97.1500015258789,97.30999755859375,97.26000213623047,97.41999816894531,97.7300033569336,97.63999938964844,97.1500015258789,96.91000366210938,97.0999984741211,97.61000061035156,98.2300033569336,98.12000274658203,98.48999786376953,98.18000030517578,98.41000366210938,98.43000030517578,98.25,98.97000122070312,99.19000244140625,99.02999877929688,98.62999725341797,98.83999633789062,98.80000305175781,98.80999755859375,99.2300033569336,99.19999694824219,99.3499984741211,99.43000030517578,99.5,99.16000366210938,99.18000030517578,99.12000274658203,99.02999877929688,98.9000015258789,98.73999786376953,98.79000091552734,98.7300033569336,98.88999938964844,98.94000244140625,99.12000274658203,99.41000366210938,99.2699966430664,99.05000305175781,99.16000366210938,98.37000274658203,98.68000030517578,98.91999816894531,98.93000030517578,98.88999938964844,98.79000091552734,98.76000213623047,98.79000091552734,98.83000183105469,98.56999969482422,98.62000274658203,98.45999908447266,98.4800033569336,98.2699966430664,98.18000030517578,98.13999938964844,98.25,98.04000091552734,97.69999694824219,97.69999694824219,97.94000244140625,98.0199966430664,97.87000274658203,97.66999816894531,97.77999877929688,97.75,97.62000274658203,97.80000305175781,97.61000061035156,97.6500015258789,97.44000244140625,97.45999908447266,97.81999969482422,97.68000030517578,97.69999694824219,97.69000244140625,97.5999984741211,97.66999816894531,97.69999694824219,97.54000091552734,97.68000030517578,97.43000030517578,97.5999984741211,97.19999694824219,96.91999816894531,96.7300033569336,96.76000213623047,96.87000274658203,96.81999969482422,97.2300033569336,97.55999755859375,97.22000122070312,97.30000305175781,97.30000305175781,97.3499984741211,97.30000305175781,97.3499984741211,97.41000366210938,97.33999633789062,97.45999908447266,97.25,97.41999816894531,97.52999877929688,97.11000061035156,97.08999633789062,96.9800033569336,97.4000015258789,97.51000213623047,97.5,97.41999816894531,97.27999877929688,97.23999786376953,97.0999984741211,97.01000213623047,96.87999725341797,96.95999908447266,97.04000091552734,96.94000244140625,96.94999694824219,97.26000213623047,97.11000061035156,97.08000183105469,97.08000183105469,97.3499984741211,97.33999633789062,97.44999694824219,97.06999969482422,97.05999755859375,96.93000030517578,97.12000274658203,97.16000366210938,97.2300033569336,97.22000122070312,97.31999969482422,97.30000305175781,97.23999786376953,97.27999877929688,97.19000244140625,97.02999877929688,96.95999908447266,97.06999969482422,96.87999725341797,96.77999877929688,96.7699966430664,97.0,96.91999816894531,96.56999969482422,96.33000183105469,96.44999694824219,96.52999877929688,96.41000366210938,96.86000061035156,96.8499984741211,96.88999938964844,96.87999725341797,97.12000274658203,97.12000274658203,96.8499984741211,96.81999969482422,96.9800033569336,97.12999725341797,97.08000183105469,96.98999786376953,96.93000030517578,97.13999938964844,97.30000305175781,97.22000122070312,97.12999725341797,97.04000091552734,97.05999755859375,97.36000061035156,97.2300033569336,97.25,97.19000244140625,96.94000244140625,96.91999816894531,97.01000213623047,97.3499984741211,97.16999816894531,97.29000091552734,97.3499984741211,97.47000122070312,97.43000030517578,97.44000244140625,97.31999969482422,97.38999938964844,97.69000244140625,97.88999938964844,97.80999755859375,97.81999969482422,97.66000366210938,97.73999786376953,97.6500015258789,97.66000366210938,97.58000183105469,97.5199966430664,97.48999786376953,98.12000274658203,98.58000183105469,98.4800033569336,98.41999816894531,98.43000030517578,98.58000183105469,98.62000274658203,98.56999969482422,98.56999969482422,98.68000030517578,98.55999755859375,98.58999633789062,98.5199966430664,98.56999969482422,98.47000122070312,98.37999725341797,98.43000030517578,98.41999816894531,98.41000366210938
LSST,23.604999542236328,23.6299991607666,23.604999542236328,23.674999237060547,23.704999923706055,23.700000762939453,23.739999771118164,23.78499984741211,23.764999389648438,23.76300048828125,23.834999084472656,23.82900047302246,23.809999465942383,23.80500030517578,23.815000534057617,23.829999923706055,23.834999084472656,23.774999618530273,23.7450008392334,23.78499984741211,23.844999313354492,23.860000610351562,23.809999465942383,23.71500015258789,23.735000610351562,23.7450008392334,23.725000381469727,23.719999313354492,23.711000442504883,23.698999404907227,23.68199920654297,23.65999984741211,23.69499969482422,23.639999389648438,23.660999298095703,23.665000915527344,23.559999465942383,23.579999923706055,23.56599998474121,23.531999588012695,23.53499984741211,23.575000762939453,23.565000534057617,23.53499984741211,23.5049991607666,23.540000915527344,23.625,23.75,23.725000381469727,23.790000915527344,23.72800064086914,23.819000244140625,23.77400016784668,23.746999740600586,23.823999404907227,23.875,23.8799991607666,23.809999465942383,23.700000762939453,23.700000762939453,23.719999313354492,23.75,23.790000915527344,23.84000015258789,23.8700008392334,23.860000610351562,23.80900001525879,23.795000076293945,23.81999969482422,23.83099937438965,23.80900001525879,23.777999877929688,23.78499984741211,23.760000228881836,23.795000076293945,23.790000915527344,23.81999969482422,23.81999969482422,23.809999465942383,23.770000457763672,23.785999298095703,23.7450008392334,23.799999237060547,23.839000701904297,23.854999542236328,23.829999923706055,23.780000686645508,23.780000686645508,23.829999923706055,23.844999313354492,23.809999465942383,23.799999237060547,23.780000686645508,23.76799964904785,23.70400047302246,23.700000762939453,23.709999084472656,23.719999313354492,23.700000762939453,23.65999984741211,23.59000015258789,23.635000228881836,23.65999984741211,23.691999435424805,23.645000457763672,23.649999618530273,23.649999618530273,23.625,23.665000915527344,23.628999710083008,23.635000228881836,23.604999542236328,23.614999771118164,23.649999618530273,23.625,23.635000228881836,23.639999389648438,23.6200008392334,23.618999481201172,23.604999542236328,23.514999389648438,23.549999237060547,23.4950008392334,23.520000457763672,23.5,23.485000610351562,23.469999313354492,23.485000610351562,23.514999389648438,23.53499984741211,23.60099983215332,23.645000457763672,23.614999771118164,23.614999771118164,23.635000228881836,23.635000228881836,23.604999542236328,23.625,23.6200008392334,23.604999542236328,23.614999771118164,23.524999618530273,23.558000564575195,23.570999145507812,23.559999465942383,23.545000076293945,23.565000534057617,23.614999771118164,23.625,23.635000228881836,23.6299991607666,23.614999771118164,23.59000015258789,23.575000762939453,23.575000762939453,23.565000534057617,23.565000534057617,23.59000015258789,23.565000534057617,23.56999969482422,23.614999771118164,23.60300064086914,23.575000762939453,23.594999313354492,23.562000274658203,23.56999969482422,23.593000411987305,23.565000534057617,23.545000076293945,23.530000686645508,23.55500030517578,23.559999465942383,23.559999465942383,23.559999465942383,23.56999969482422,23.56999969482422,23.559999465942383,23.565000534057617,23.549999237060547,23.545000076293945,23.540000915527344,23.565000534057617,23.559999465942383,23.489999771118164,23.46500015258789,23.5,23.510000228881836,23.482999801635742,23.459999084472656,23.492000579833984,23.524999618530273,23.510000228881836,23.56999969482422,23.565000534057617,23.56999969482422,23.540000915527344,23.559999465942383,23.53499984741211,23.4950008392334,23.479999542236328,23.4950008392334,23.53499984741211,23.559999465942383,23.55500030517578,23.524999618530273,23.510000228881836,23.520000457763672,23.4950008392334,23.4950008392334,23.53499984741211,23.55500030517578,23.604999542236328,23.59000015258789,23.594999313354492,23.604999542236328,23.565000534057617,23.579999923706055,23.575000762939453,23.690000534057617,23.639999389648438,23.690000534057617,23.684999465942383,23.684999465942383,23.704999923706055,23.709999084472656,23.69499969482422,23.729999542236328,23.68000030517578,23.75,23.738000869750977,23.809999465942383,23.774999618530273,23.809999465942383,23.809999465942383,23.81999969482422,23.780000686645508,23.78499984741211,23.799999237060547,23.895000457763672,23.950000762939453,23.94499969482422,23.93000030517578,23.940000534057617,23.975000381469727,23.9950008392334,23.899999618530273,23.90999984741211,23.926000595092773,23.93000030517578,23.940000534057617,23.90999984741211,23.93000030517578,23.899999618530273,23.8799991607666,23.90399932861328,23.93000030517578,23.940000534057617
SCHO,48.290000915527344,48.34000015258789,48.279998779296875,48.459999084472656,48.5,48.470001220703125,48.4900016784668,48.599998474121094,48.540000915527344,48.560001373291016,48.65999984741211,48.650001525878906,48.599998474121094,48.54999923706055,48.59000015258789,48.599998474121094,48.59000015258789,48.56999969482422,48.529998779296875,48.599998474121094,48.58000183105469,48.59000015258789,48.43000030517578,48.29999923706055,48.310001373291016,48.34000015258789,48.290000915527344,48.279998779296875,48.27000045776367,48.18000030517578,48.18000030517578,48.189998626708984,48.2400016784668,48.150001525878906,48.15999984741211,48.189998626708984,48.11000061035156,48.130001068115234,48.130001068115234,47.90999984741211,47.91999816894531,47.95000076293945,47.93000030517578,47.81999969482422,47.79999923706055,47.95000076293945,48.220001220703125,48.70000076293945,48.52000045776367,48.810001373291016,48.61000061035156,48.849998474121094,48.79999923706055,48.619998931884766,48.81999969482422,48.97999954223633,49.0,48.810001373291016,48.75,48.720001220703125,48.720001220703125,48.790000915527344,48.689998626708984,48.79999923706055,48.869998931884766,48.849998474121094,48.689998626708984,48.68000030517578,48.7400016784668,48.75,48.65999984741211,48.58000183105469,48.58000183105469,48.540000915527344,48.63999938964844,48.61000061035156,48.65999984741211,48.869998931884766,48.810001373291016,48.689998626708984,48.7599983215332,48.5099983215332,48.68000030517578,48.790000915527344,48.88999938964844,48.7599983215332,48.689998626708984,48.66999816894531,48.790000915527344,48.81999969482422,48.7400016784668,48.7400016784668,48.68000030517578,48.619998931884766,48.540000915527344,48.5099983215332,48.4900016784668,48.47999954223633,48.43000030517578,48.31999969482422,48.290000915527344,48.38999938964844,48.45000076293945,48.36000061035156,48.220001220703125,48.25,48.2400016784668,48.20000076293945,48.2599983215332,48.18000030517578,48.220001220703125,48.13999938964844,48.119998931884766,48.20000076293945,48.13999938964844,48.16999816894531,48.16999816894531,48.119998931884766,48.15999984741211,48.189998626708984,48.11000061035156,48.150001525878906,48.060001373291016,48.060001373291016,47.849998474121094,47.86000061035156,47.81999969482422,47.86000061035156,47.939998626708984,47.91999816894531,48.060001373291016,48.20000076293945,48.08000183105469,48.11000061035156,48.099998474121094,48.099998474121094,48.06999969482422,48.060001373291016,48.02000045776367,48.0099983215332,48.04999923706055,48.0,48.040000915527344,48.060001373291016,47.849998474121094,47.880001068115234,47.880001068115234,47.9900016784668,47.9900016784668,48.029998779296875,48.0,47.97999954223633,47.939998626708984,47.880001068115234,47.90999984741211,47.88999938964844,47.93000030517578,47.95000076293945,47.90999984741211,47.880001068115234,47.959999084472656,47.93000030517578,47.900001525878906,47.93000030517578,48.040000915527344,48.040000915527344,48.09000015258789,47.91999816894531,47.86000061035156,47.810001373291016,47.869998931884766,47.86000061035156,47.869998931884766,47.849998474121094,47.880001068115234,47.880001068115234,47.869998931884766,47.84000015258789,47.81999969482422,47.779998779296875,47.810001373291016,47.849998474121094,47.84000015258789,47.849998474121094,47.79999923706055,47.880001068115234,47.88999938964844,47.68000030517578,47.65999984741211,47.7400016784668,47.810001373291016,47.75,47.88999938964844,47.869998931884766,47.849998474121094,47.79999923706055,47.83000183105469,47.790000915527344,47.709999084472656,47.70000076293945,47.7599983215332,47.84000015258789,47.880001068115234,47.86000061035156,47.810001373291016,47.900001525878906,47.93000030517578,47.90999984741211,47.88999938964844,47.83000183105469,47.83000183105469,47.959999084472656,47.88999938964844,47.91999816894531,47.90999984741211,47.84000015258789,47.86000061035156,47.86000061035156,48.04999923706055,47.970001220703125,48.04999923706055,48.029998779296875,48.02000045776367,48.04999923706055,48.060001373291016,48.029998779296875,48.06999969482422,48.18000030517578,48.2599983215332,48.22999954223633,48.189998626708984,48.130001068115234,48.18000030517578,48.189998626708984,48.209999084472656,48.11000061035156,48.11000061035156,48.099998474121094,48.349998474121094,48.45000076293945,48.22999954223633,48.2400016784668,48.2599983215332,48.33000183105469,48.369998931884766,48.380001068115234,48.369998931884766,48.43000030517578,48.43000030517578,48.45000076293945,48.38999938964844,48.400001525878906,48.369998931884766,48.36000061035156,48.400001525878906,48.40999984741211,48.40999984741211
PBTP,24.3799991607666,24.354999542236328,24.350000381469727,24.43000030517578,24.437000274658203,24.420000076293945,24.454999923706055,24.559999465942383,24.479999542236328,24.489999771118164,24.540000915527344,24.59000015258789,24.559999465942383,24.55500030517578,24.59000015258789,24.610000610351562,24.611000061035156,24.593000411987305,24.530000686645508,24.562000274658203,24.649999618530273,24.6299991607666,24.520000457763672,24.459999084472656,24.527999877929688,24.575000762939453,24.53499984741211,24.51300048828125,24.510000228881836,24.492000579833984,24.510000228881836,24.503999710083008,24.510000228881836,24.48200035095215,24.450000762939453,24.485000610351562,24.415000915527344,24.440000534057617,24.479999542236328,24.450000762939453,24.489999771118164,24.58300018310547,24.559999465942383,24.43000030517578,24.3700008392334,24.440000534057617,24.541000366210938,24.70599937438965,24.68000030517578,24.84000015258789,24.687000274658203,24.759000778198242,24.760000228881836,24.690000534057617,24.8799991607666,24.93199920654297,24.920000076293945,24.829999923706055,24.84000015258789,24.8700008392334,24.889999389648438,24.95400047302246,24.9950008392334,25.040000915527344,25.05500030517578,25.059999465942383,24.989999771118164,24.985000610351562,24.972000122070312,24.950000762939453,24.899999618530273,24.850000381469727,24.8799991607666,24.8700008392334,24.905000686645508,24.93000030517578,24.979999542236328,25.045000076293945,25.007999420166016,24.950000762939453,24.969999313354492,24.899999618530273,24.989999771118164,25.045000076293945,25.06999969482422,25.040000915527344,25.010000228881836,25.010000228881836,25.020000457763672,25.014999389648438,24.954999923706055,24.959999084472656,24.93000030517578,24.924999237060547,24.889999389648438,24.854999542236328,24.84000015258789,24.8700008392334,24.834999084472656,24.735000610351562,24.73699951171875,24.780000686645508,24.815000534057617,24.847000122070312,24.795000076293945,24.829999923706055,24.81999969482422,24.770000457763672,24.829999923706055,24.774999618530273,24.795000076293945,24.735000610351562,24.739999771118164,24.829999923706055,24.795000076293945,24.520000457763672,24.520000457763672,24.5,24.510000228881836,24.5049991607666,24.479999542236328,24.506999969482422,24.450000762939453,24.489999771118164,24.458999633789062,24.424999237060547,24.374000549316406,24.385000228881836,24.420000076293945,24.399999618530273,24.489999771118164,24.59000015258789,24.520000457763672,24.53499984741211,24.530000686645508,24.540000915527344,24.524999618530273,24.540000915527344,24.559999465942383,24.540000915527344,24.59000015258789,24.510000228881836,24.530000686645508,24.56999969482422,24.520000457763672,24.520000457763672,24.5,24.610000610351562,24.636999130249023,24.6299991607666,24.610000610351562,24.579999923706055,24.575000762939453,24.540000915527344,24.510000228881836,24.475000381469727,24.5049991607666,24.514999389648438,24.5,24.5,24.575000762939453,24.54400062561035,24.524999618530273,24.53499984741211,24.594999313354492,24.586000442504883,24.639999389648438,24.610000610351562,24.604999542236328,24.56999969482422,24.625,24.635000228881836,24.649999618530273,24.655000686645508,24.674999237060547,24.674999237060547,24.649999618530273,24.5049991607666,24.485000610351562,24.434999465942383,24.424999237060547,24.445999145507812,24.405000686645508,24.375,24.3799991607666,24.434999465942383,24.420000076293945,24.360000610351562,24.30500030517578,24.329999923706055,24.360000610351562,24.325000762939453,24.43000030517578,24.420000076293945,24.459999084472656,24.44499969482422,24.5049991607666,24.5049991607666,24.420000076293945,24.420000076293945,24.475000381469727,24.5,24.4950008392334,24.475000381469727,24.454999923706055,24.509000778198242,24.545000076293945,24.530000686645508,24.520000457763672,24.58099937438965,24.583999633789062,24.655000686645508,24.6299991607666,24.635000228881836,24.6299991607666,24.549999237060547,24.565000534057617,24.565000534057617,24.65399932861328,24.610000610351562,24.645000457763672,24.659000396728516,24.684999465942383,24.674999237060547,24.68000030517578,24.65399932861328,24.665000915527344,24.7450008392334,24.790000915527344,24.770000457763672,24.834999084472656,24.799999237060547,24.809999465942383,24.799999237060547,24.798999786376953,24.770000457763672,24.760000228881836,24.739999771118164,24.920000076293945,25.030000686645508,25.0,24.850000381469727,24.854999542236328,24.889999389648438,24.899999618530273,24.909000396728516,24.885000228881836,24.915000915527344,24.889999389648438,24.895000457763672,24.8799991607666,24.90999984741211,24.850000381469727,24.844999313354492,24.850000381469727,24.860000610351562,24.854999542236328
VGSH,57.86000061035156,57.93000030517578,57.86000061035156,58.06999969482422,58.130001068115234,58.099998474121094,58.130001068115234,58.25,58.16999816894531,58.189998626708984,58.34000015258789,58.31999969482422,58.2599983215332,58.20000076293945,58.220001220703125,58.25,58.22999954223633,58.220001220703125,58.15999984741211,58.25,58.2400016784668,58.25,58.060001373291016,57.869998931884766,57.90999984741211,57.95000076293945,57.900001525878906,57.869998931884766,57.849998474121094,57.77000045776367,57.75,57.779998779296875,57.810001373291016,57.720001220703125,57.7400016784668,57.7599983215332,57.650001525878906,57.689998626708984,57.689998626708984,57.470001220703125,57.47999954223633,57.5099983215332,57.5,57.36000061035156,57.31999969482422,57.52000045776367,57.84000015258789,58.40999984741211,58.20000076293945,58.529998779296875,58.29999923706055,58.61000061035156,58.529998779296875,58.310001373291016,58.56999969482422,58.75,58.77000045776367,58.540000915527344,58.470001220703125,58.439998626708984,58.45000076293945,58.540000915527344,58.439998626708984,58.59000015258789,58.65999984741211,58.630001068115234,58.45000076293945,58.43000030517578,58.5,58.52000045776367,58.40999984741211,58.29999923706055,58.29999923706055,58.2599983215332,58.400001525878906,58.36000061035156,58.41999816894531,58.65999984741211,58.58000183105469,58.459999084472656,58.529998779296875,58.2599983215332,58.439998626708984,58.59000015258789,58.689998626708984,58.529998779296875,58.439998626708984,58.439998626708984,58.58000183105469,58.61000061035156,58.52000045776367,58.52000045776367,58.45000076293945,58.380001068115234,58.27000045776367,58.2400016784668,58.220001220703125,58.220001220703125,58.130001068115234,58.0099983215332,57.970001220703125,58.11000061035156,58.15999984741211,58.11000061035156,57.939998626708984,57.970001220703125,57.93000030517578,57.880001068115234,57.959999084472656,57.880001068115234,57.91999816894531,57.81999969482422,57.790000915527344,57.900001525878906,57.81999969482422,57.86000061035156,57.84000015258789,57.79999923706055,57.84000015258789,57.880001068115234,57.790000915527344,57.86000061035156,57.720001220703125,57.72999954223633,57.5099983215332,57.5099983215332,57.470001220703125,57.5099983215332,57.61000061035156,57.59000015258789,57.7599983215332,57.90999984741211,57.790000915527344,57.810001373291016,57.79999923706055,57.810001373291016,57.75,57.7599983215332,57.689998626708984,57.689998626708984,57.7599983215332,57.66999816894531,57.720001220703125,57.7400016784668,57.540000915527344,57.560001373291016,57.58000183105469,57.689998626708984,57.720001220703125,57.7400016784668,57.720001220703125,57.689998626708984,57.63999938964844,57.58000183105469,57.61000061035156,57.58000183105469,57.63999938964844,57.65999984741211,57.61000061035156,57.56999969482422,57.65999984741211,57.63999938964844,57.59000015258789,57.630001068115234,57.75,57.7599983215332,57.84000015258789,57.630001068115234,57.54999923706055,57.4900016784668,57.59000015258789,57.56999969482422,57.560001373291016,57.54999923706055,57.59000015258789,57.58000183105469,57.56999969482422,57.54999923706055,57.52000045776367,57.47999954223633,57.5,57.54999923706055,57.529998779296875,57.540000915527344,57.4900016784668,57.59000015258789,57.599998474121094,57.380001068115234,57.34000015258789,57.45000076293945,57.5099983215332,57.459999084472656,57.630001068115234,57.59000015258789,57.56999969482422,57.5099983215332,57.540000915527344,57.4900016784668,57.380001068115234,57.38999938964844,57.47999954223633,57.560001373291016,57.58000183105469,57.56999969482422,57.5099983215332,57.630001068115234,57.65999984741211,57.630001068115234,57.619998931884766,57.560001373291016,57.54999923706055,57.709999084472656,57.61000061035156,57.66999816894531,57.630001068115234,57.560001373291016,57.560001373291016,57.59000015258789,57.810001373291016,57.709999084472656,57.81999969482422,57.779998779296875,57.77000045776367,57.81999969482422,57.81999969482422,57.790000915527344,57.86000061035156,57.970001220703125,58.06999969482422,58.040000915527344,58.02000045776367,57.939998626708984,58.0,58.0,58.04999923706055,57.91999816894531,57.91999816894531,57.91999816894531,58.22999954223633,58.33000183105469,58.2599983215332,58.2599983215332,58.290000915527344,58.369998931884766,58.40999984741211,58.2400016784668,58.22999954223633,58.29999923706055,58.290000915527344,58.33000183105469,58.25,58.27000045776367,58.22999954223633,58.209999084472656,58.25,58.27000045776367,58.27000045776367
EMCB,61.849998474121094,62.2400016784668,62.15999984741211,62.4900016784668,62.72999954223633,62.66999816894531,62.720001220703125,63.16999816894531,62.880001068115234,63.56999969482422,63.59000015258789,63.529998779296875,63.540000915527344,63.650001525878906,63.689998626708984,63.59000015258789,63.63999938964844,63.81999969482422,63.310001373291016,63.41999816894531,63.95000076293945,64.30000305175781,64.06999969482422,63.58000183105469,63.349998474121094,63.31999969482422,63.20000076293945,62.95000076293945,63.2400016784668,62.709999084472656,62.83000183105469,62.70000076293945,62.619998931884766,62.4900016784668,61.79999923706055,62.22999954223633,62.2400016784668,61.95000076293945,61.77000045776367,61.7599983215332,62.11000061035156,62.130001068115234,62.40999984741211,62.0,62.119998931884766,62.349998474121094,62.150001525878906,61.970001220703125,62.04999923706055,62.11000061035156,62.060001373291016,62.099998474121094,61.869998931884766,61.59000015258789,62.04999923706055,62.220001220703125,62.060001373291016,61.689998626708984,61.56999969482422,61.779998779296875,62.0,62.279998779296875,62.43000030517578,62.650001525878906,62.61000061035156,62.56999969482422,62.2400016784668,62.4900016784668,62.72999954223633,62.79999923706055,62.720001220703125,62.529998779296875,62.68000030517578,62.540000915527344,62.59000015258789,62.58000183105469,62.470001220703125,62.560001373291016,62.40999984741211,62.34000015258789,62.540000915527344,62.400001525878906,62.43000030517578,62.58000183105469,62.61000061035156,62.40999984741211,62.41999816894531,62.43000030517578,62.5099983215332,62.58000183105469,62.38999938964844,62.27000045776367,62.47999954223633,62.15999984741211,62.0099983215332,61.880001068115234,61.93000030517578,61.970001220703125,61.65999984741211,61.720001220703125,61.619998931884766,61.83000183105469,61.869998931884766,62.060001373291016,62.040000915527344,62.130001068115234,62.150001525878906,62.119998931884766,62.27000045776367,62.130001068115234,62.41999816894531,62.27000045776367,62.34000015258789,62.47999954223633,62.68000030517578,62.689998626708984,62.619998931884766,62.63999938964844,62.52000045776367,62.470001220703125,62.2400016784668,62.369998931884766,62.27000045776367,62.369998931884766,62.36000061035156,62.25,62.119998931884766,62.0099983215332,61.95000076293945,62.27000045776367,62.0099983215332,62.709999084472656,62.529998779296875,62.65999984741211,62.709999084472656,62.70000076293945,62.689998626708984,62.66999816894531,62.81999969482422,62.619998931884766,62.56999969482422,62.560001373291016,62.720001220703125,62.7599983215332,62.75,62.45000076293945,62.2400016784668,62.619998931884766,62.5099983215332,62.63999938964844,62.65999984741211,62.779998779296875,62.599998474121094,62.459999084472656,62.22999954223633,62.220001220703125,62.06999969482422,62.0099983215332,61.810001373291016,61.970001220703125,62.209999084472656,62.099998474121094,61.939998626708984,62.029998779296875,62.36000061035156,62.16999816894531,62.310001373291016,62.189998626708984,62.15999984741211,61.959999084472656,62.099998474121094,62.2599983215332,62.13999938964844,62.2400016784668,62.2400016784668,62.20000076293945,62.25,62.15999984741211,62.20000076293945,62.20000076293945,62.06999969482422,61.9900016784668,61.709999084472656,61.45000076293945,61.470001220703125,61.540000915527344,61.56999969482422,61.439998626708984,60.81999969482422,61.02000045776367,61.040000915527344,60.88999938964844,60.849998474121094,61.099998474121094,61.130001068115234,61.099998474121094,60.97999954223633,61.0,60.869998931884766,60.65999984741211,60.59000015258789,60.47999954223633,60.58000183105469,60.68000030517578,60.459999084472656,60.5,60.4900016784668,60.5,60.54999923706055,60.75,61.31999969482422,61.09000015258789,61.400001525878906,61.72999954223633,61.540000915527344,61.5,61.43000030517578,61.02000045776367,62.119998931884766,61.720001220703125,62.099998474121094,62.400001525878906,62.2599983215332,62.43000030517578,62.54999923706055,62.11000061035156,62.290000915527344,62.65999984741211,62.65999984741211,62.7599983215332,62.77000045776367,62.9900016784668,63.099998474121094,63.47999954223633,63.22999954223633,63.2599983215332,63.290000915527344,63.349998474121094,63.65999984741211,64.16000366210938,64.1500015258789,64.19999694824219,64.31999969482422,64.41000366210938,64.48999786376953,63.75,63.9900016784668,64.08000183105469,64.16000366210938,63.900001525878906,63.95000076293945,63.88999938964844,63.95000076293945,63.529998779296875,63.75,63.63999938964844,63.81999969482422
SPSB,29.399999618530273,29.40999984741211,29.3700008392334,29.5,29.520000457763672,29.530000686645508,29.549999237060547,29.610000610351562,29.56999969482422,29.600000381469727,29.670000076293945,29.649999618530273,29.649999618530273,29.639999389648438,29.639999389648438,29.649999618530273,29.639999389648438,29.649999618530273,29.6299991607666,29.700000762939453,29.670000076293945,29.690000534057617,29.59000015258789,29.510000228881836,29.520000457763672,29.530000686645508,29.510000228881836,29.5,29.5,29.450000762939453,29.450000762939453,29.459999084472656,29.479999542236328,29.40999984741211,29.40999984741211,29.43000030517578,29.3700008392334,29.40999984741211,29.40999984741211,29.270000457763672,29.290000915527344,29.329999923706055,29.31999969482422,29.25,29.200000762939453,29.280000686645508,29.3799991607666,29.440000534057617,29.420000076293945,29.459999084472656,29.360000610351562,29.479999542236328,29.469999313354492,29.479999542236328,29.579999923706055,29.639999389648438,29.65999984741211,29.530000686645508,29.510000228881836,29.549999237060547,29.530000686645508,29.6299991607666,29.6200008392334,29.649999618530273,29.670000076293945,29.6299991607666,29.59000015258789,29.56999969482422,29.610000610351562,29.649999618530273,29.600000381469727,29.559999465942383,29.559999465942383,29.540000915527344,29.59000015258789,29.59000015258789,29.6299991607666,29.700000762939453,29.670000076293945,29.6200008392334,29.670000076293945,29.540000915527344,29.600000381469727,29.639999389648438,29.68000030517578,29.600000381469727,29.549999237060547,29.559999465942383,29.6299991607666,29.639999389648438,29.579999923706055,29.600000381469727,29.559999465942383,29.549999237060547,29.5,29.5,29.510000228881836,29.520000457763672,29.469999313354492,29.420000076293945,29.43000030517578,29.5,29.520000457763672,29.469999313354492,29.420000076293945,29.43000030517578,29.40999984741211,29.3700008392334,29.40999984741211,29.3700008392334,29.399999618530273,29.3700008392334,29.360000610351562,29.440000534057617,29.40999984741211,29.43000030517578,29.420000076293945,29.399999618530273,29.420000076293945,29.450000762939453,29.40999984741211,29.440000534057617,29.399999618530273,29.440000534057617,29.299999237060547,29.299999237060547,29.260000228881836,29.299999237060547,29.34000015258789,29.360000610351562,29.440000534057617,29.5,29.420000076293945,29.440000534057617,29.440000534057617,29.450000762939453,29.440000534057617,29.440000534057617,29.43000030517578,29.420000076293945,29.459999084472656,29.43000030517578,29.469999313354492,29.5,29.3700008392334,29.360000610351562,29.3700008392334,29.420000076293945,29.440000534057617,29.450000762939453,29.43000030517578,29.399999618530273,29.3700008392334,29.34000015258789,29.34000015258789,29.31999969482422,29.329999923706055,29.350000381469727,29.31999969482422,29.309999465942383,29.3700008392334,29.360000610351562,29.34000015258789,29.3799991607666,29.43000030517578,29.43000030517578,29.469999313354492,29.34000015258789,29.31999969482422,29.280000686645508,29.329999923706055,29.31999969482422,29.329999923706055,29.299999237060547,29.329999923706055,29.329999923706055,29.31999969482422,29.34000015258789,29.309999465942383,29.290000915527344,29.299999237060547,29.329999923706055,29.31999969482422,29.299999237060547,29.270000457763672,29.31999969482422,29.31999969482422,29.190000534057617,29.139999389648438,29.200000762939453,29.219999313354492,29.209999084472656,29.309999465942383,29.309999465942383,29.280000686645508,29.25,29.260000228881836,29.239999771118164,29.170000076293945,29.149999618530273,29.18000030517578,29.239999771118164,29.270000457763672,29.260000228881836,29.25,29.290000915527344,29.309999465942383,29.290000915527344,29.280000686645508,29.260000228881836,29.270000457763672,29.34000015258789,29.290000915527344,29.309999465942383,29.299999237060547,29.260000228881836,29.290000915527344,29.299999237060547,29.43000030517578,29.3700008392334,29.440000534057617,29.440000534057617,29.440000534057617,29.479999542236328,29.489999771118164,29.489999771118164,29.510000228881836,29.579999923706055,29.639999389648438,29.6299991607666,29.600000381469727,29.549999237060547,29.59000015258789,29.56999969482422,29.610000610351562,29.540000915527344,29.530000686645508,29.56999969482422,29.729999542236328,29.770000457763672,29.739999771118164,29.6299991607666,29.6299991607666,29.670000076293945,29.709999084472656,29.719999313354492,29.729999542236328,29.760000228881836,29.770000457763672,29.780000686645508,29.739999771118164,29.719999313354492,29.709999084472656,29.709999084472656,29.739999771118164,29.75,29.75
LMBS,47.34000015258789,47.529998779296875,47.58000183105469,47.66999816894531,47.849998474121094,47.779998779296875,47.880001068115234,47.9900016784668,48.0,48.02000045776367,48.08000183105469,48.150001525878906,48.040000915527344,48.13999938964844,48.0099983215332,48.06999969482422,48.08000183105469,48.040000915527344,48.029998779296875,48.04100036621094,48.189998626708984,48.209999084472656,48.16999816894531,47.95000076293945,47.93000030517578,47.959999084472656,48.02000045776367,48.0,47.970001220703125,47.869998931884766,47.84000015258789,47.84000015258789,47.869998931884766,47.84000015258789,47.58000183105469,47.56999969482422,47.599998474121094,47.61000061035156,47.650001525878906,47.59000015258789,47.560001373291016,47.58000183105469,47.630001068115234,47.58000183105469,47.5,47.4900016784668,47.709999084472656,48.09000015258789,47.88999938964844,48.09000015258789,47.93000030517578,48.04999923706055,48.06999969482422,47.81999969482422,47.91999816894531,48.150001525878906,48.09000015258789,47.93000030517578,47.810001373291016,47.83000183105469,47.79999923706055,47.869998931884766,47.959999084472656,48.11000061035156,48.16999816894531,48.11000061035156,48.06999969482422,48.029998779296875,48.09000015258789,48.18000030517578,48.0099983215332,47.90999984741211,47.90999984741211,47.900001525878906,47.90999984741211,47.83000183105469,47.869998931884766,48.040000915527344,48.040000915527344,47.939998626708984,47.959999084472656,48.0099983215332,48.06999969482422,48.15999984741211,48.33000183105469,48.130001068115234,48.150001525878906,48.08000183105469,48.150001525878906,48.22999954223633,48.13999938964844,48.099998474121094,48.04999923706055,48.060001373291016,47.970001220703125,47.86000061035156,47.86000061035156,47.70000076293945,47.66999816894531,47.52000045776367,47.5,47.720001220703125,47.88999938964844,47.880001068115234,47.81999969482422,47.84000015258789,47.849998474121094,47.77000045776367,47.810001373291016,47.83000183105469,47.84000015258789,47.86000061035156,47.81999969482422,47.83000183105469,47.86000061035156,47.88999938964844,47.90999984741211,47.849998474121094,47.81999969482422,47.90999984741211,47.79999923706055,47.779998779296875,47.779998779296875,47.66999816894531,47.63999938964844,47.5099983215332,47.41999816894531,47.31999969482422,47.470001220703125,47.540000915527344,47.70000076293945,47.93000030517578,47.900001525878906,47.880001068115234,47.939998626708984,47.939998626708984,47.84000015258789,47.720001220703125,47.65999984741211,47.630001068115234,47.709999084472656,47.599998474121094,47.599998474121094,47.650001525878906,47.58000183105469,47.58000183105469,47.5099983215332,47.560001373291016,47.66999816894531,47.72999954223633,47.720001220703125,47.66999816894531,47.540000915527344,47.5,47.4900016784668,47.43000030517578,47.40999984741211,47.470001220703125,47.41999816894531,47.25,47.349998474121094,47.459999084472656,47.369998931884766,47.47999954223633,47.66999816894531,47.65999984741211,47.709999084472656,47.619998931884766,47.58000183105469,47.4900016784668,47.52000045776367,47.56999969482422,47.56999969482422,47.56999969482422,47.630001068115234,47.650001525878906,47.63999938964844,47.59000015258789,47.59000015258789,47.529998779296875,47.439998626708984,47.27000045776367,47.2599983215332,47.20000076293945,47.150001525878906,47.18000030517578,47.2400016784668,47.11000061035156,46.959999084472656,47.0,47.13999938964844,46.95000076293945,47.13999938964844,47.150001525878906,47.27000045776367,47.189998626708984,47.119998931884766,47.099998474121094,46.88999938964844,46.81999969482422,46.7599983215332,46.75,46.810001373291016,46.63999938964844,46.58000183105469,46.630001068115234,46.75,46.790000915527344,46.7400016784668,46.84000015258789,47.08000183105469,47.130001068115234,47.099998474121094,47.209999084472656,47.209999084472656,47.13999938964844,47.119998931884766,47.150001525878906,47.38999938964844,47.34000015258789,47.349998474121094,47.369998931884766,47.439998626708984,47.27000045776367,47.290000915527344,47.20000076293945,47.290000915527344,47.43000030517578,47.630001068115234,47.599998474121094,47.779998779296875,47.77000045776367,47.83000183105469,47.81999969482422,47.849998474121094,47.779998779296875,47.869998931884766,47.86000061035156,48.060001373291016,48.33000183105469,48.2599983215332,48.20000076293945,48.25,48.310001373291016,48.36000061035156,48.150001525878906,48.29999923706055,48.349998474121094,48.310001373291016,48.31999969482422,48.25,48.2400016784668,48.25,48.22999954223633,48.150001525878906,48.27000045776367,48.349998474121094
SLQD,47.90999984741211,47.970001220703125,47.880001068115234,48.119998931884766,48.189998626708984,48.16999816894531,48.2400016784668,48.380001068115234,48.29999923706055,48.34000015258789,48.4900016784668,48.459999084472656,48.43000030517578,48.369998931884766,48.439998626708984,48.439998626708984,48.43000030517578,48.400001525878906,48.36000061035156,48.5,48.529998779296875,48.54999923706055,48.349998474121094,48.209999084472656,48.209999084472656,48.25,48.18000030517578,48.130001068115234,48.130001068115234,48.04999923706055,48.029998779296875,47.9900016784668,48.04999923706055,47.91999816894531,47.93000030517578,47.970001220703125,47.84000015258789,47.90999984741211,47.900001525878906,47.66999816894531,47.720001220703125,47.810001373291016,47.790000915527344,47.65999984741211,47.599998474121094,47.72999954223633,47.90999984741211,47.959999084472656,47.93000030517578,48.02000045776367,47.88999938964844,48.099998474121094,48.08000183105469,48.150001525878906,48.34000015258789,48.439998626708984,48.5,48.2400016784668,48.22999954223633,48.290000915527344,48.31999969482422,48.47999954223633,48.52000045776367,48.56999969482422,48.59000015258789,48.52000045776367,48.439998626708984,48.45000076293945,48.45000076293945,48.56999969482422,48.47999954223633,48.38999938964844,48.40999984741211,48.31999969482422,48.439998626708984,48.45000076293945,48.4900016784668,48.630001068115234,48.599998474121094,48.47999954223633,48.599998474121094,48.349998474121094,48.470001220703125,48.599998474121094,48.63999938964844,48.5,48.43000030517578,48.43000030517578,48.58000183105469,48.619998931884766,48.529998779296875,48.52000045776367,48.439998626708984,48.38999938964844,48.29999923706055,48.29999923706055,48.310001373291016,48.33000183105469,48.22999954223633,48.13999938964844,48.15999984741211,48.29999923706055,48.36000061035156,48.310001373291016,48.220001220703125,48.20000076293945,48.16999816894531,48.09000015258789,48.16999816894531,48.08000183105469,48.15999984741211,48.08000183105469,48.09000015258789,48.220001220703125,48.18000030517578,48.22999954223633,48.209999084472656,48.16999816894531,48.16999816894531,48.220001220703125,48.16999816894531,48.25,48.13999938964844,48.209999084472656,48.029998779296875,47.970001220703125,47.88999938964844,47.900001525878906,48.02000045776367,48.060001373291016,48.220001220703125,48.349998474121094,48.18000030517578,48.220001220703125,48.25,48.279998779296875,48.220001220703125,48.2400016784668,48.22999954223633,48.220001220703125,48.33000183105469,48.209999084472656,48.279998779296875,48.34000015258789,48.150001525878906,48.119998931884766,48.099998474121094,48.2400016784668,48.27000045776367,48.279998779296875,48.25,48.189998626708984,48.11000061035156,48.06999969482422,48.029998779296875,48.0,48.0099983215332,48.060001373291016,48.0099983215332,47.9900016784668,48.130001068115234,48.099998474121094,48.06999969482422,48.119998931884766,48.2400016784668,48.25,48.310001373291016,48.130001068115234,48.04999923706055,47.9900016784668,48.099998474121094,48.060001373291016,48.06999969482422,48.029998779296875,48.08000183105469,48.08000183105469,48.06999969482422,48.08000183105469,48.029998779296875,48.0,47.959999084472656,48.04999923706055,48.0,47.970001220703125,47.900001525878906,48.0099983215332,48.0,47.790000915527344,47.66999816894531,47.779998779296875,47.83000183105469,47.79999923706055,47.97999954223633,47.9900016784668,47.959999084472656,47.88999938964844,47.93000030517578,47.880001068115234,47.72999954223633,47.65999984741211,47.68000030517578,47.79999923706055,47.869998931884766,47.869998931884766,47.83000183105469,47.90999984741211,47.939998626708984,47.88999938964844,47.88999938964844,47.939998626708984,48.0,48.119998931884766,48.029998779296875,48.11000061035156,48.099998474121094,48.0099983215332,48.06999969482422,48.06999969482422,48.31999969482422,48.2400016784668,48.36000061035156,48.349998474121094,48.38999938964844,48.43000030517578,48.459999084472656,48.439998626708984,48.52000045776367,48.63999938964844,48.75,48.70000076293945,48.7400016784668,48.66999816894531,48.7400016784668,48.72999954223633,48.7599983215332,48.65999984741211,48.65999984741211,48.720001220703125,49.02000045776367,48.959999084472656,48.93000030517578,48.93000030517578,48.95000076293945,49.0099983215332,49.060001373291016,49.08000183105469,49.08000183105469,49.16999816894531,49.18000030517578,49.20000076293945,49.099998474121094,49.08000183105469,49.040000915527344,49.02000045776367,49.06999969482422,49.11000061035156,49.130001068115234
NEAR,49.2599983215332,49.290000915527344,49.310001373291016,49.349998474121094,49.369998931884766,49.380001068115234,49.38999938964844,49.41999816894531,49.41999816894531,49.439998626708984,49.47999954223633,49.5099983215332,49.52000045776367,49.5099983215332,49.52000045776367,49.529998779296875,49.54999923706055,49.560001373291016,49.56999969482422,49.59000015258789,49.47999954223633,49.4900016784668,49.4900016784668,49.4900016784668,49.5,49.52000045776367,49.52000045776367,49.540000915527344,49.54999923706055,49.540000915527344,49.54999923706055,49.58000183105469,49.59000015258789,49.58000183105469,49.599998474121094,49.599998474121094,49.59000015258789,49.599998474121094,49.619998931884766,49.470001220703125,49.47999954223633,49.4900016784668,49.5,49.4900016784668,49.47999954223633,49.5099983215332,49.54999923706055,49.61000061035156,49.529998779296875,49.59000015258789,49.560001373291016,49.529998779296875,49.5099983215332,49.540000915527344,49.54999923706055,49.59000015258789,49.599998474121094,49.56999969482422,49.54999923706055,49.58000183105469,49.59000015258789,49.599998474121094,49.47999954223633,49.5,49.540000915527344,49.529998779296875,49.5099983215332,49.52000045776367,49.540000915527344,49.58000183105469,49.560001373291016,49.560001373291016,49.56999969482422,49.58000183105469,49.61000061035156,49.619998931884766,49.63999938964844,49.70000076293945,49.709999084472656,49.689998626708984,49.709999084472656,49.52000045776367,49.58000183105469,49.59000015258789,49.619998931884766,49.599998474121094,49.58000183105469,49.56999969482422,49.59000015258789,49.61000061035156,49.619998931884766,49.63999938964844,49.619998931884766,49.63999938964844,49.630001068115234,49.619998931884766,49.630001068115234,49.63999938964844,49.63999938964844,49.630001068115234,49.650001525878906,49.66999816894531,49.720001220703125,49.540000915527344,49.52000045776367,49.540000915527344,49.560001373291016,49.540000915527344,49.56999969482422,49.560001373291016,49.58000183105469,49.599998474121094,49.58000183105469,49.619998931884766,49.619998931884766,49.63999938964844,49.63999938964844,49.65999984741211,49.689998626708984,49.70000076293945,49.68000030517578,49.70000076293945,49.689998626708984,49.720001220703125,49.54999923706055,49.56999969482422,49.560001373291016,49.59000015258789,49.599998474121094,49.619998931884766,49.650001525878906,49.70000076293945,49.689998626708984,49.70000076293945,49.709999084472656,49.70000076293945,49.720001220703125,49.720001220703125,49.72999954223633,49.75,49.7599983215332,49.7599983215332,49.790000915527344,49.810001373291016,49.630001068115234,49.63999938964844,49.650001525878906,49.66999816894531,49.68000030517578,49.689998626708984,49.689998626708984,49.709999084472656,49.720001220703125,49.720001220703125,49.72999954223633,49.720001220703125,49.7400016784668,49.7599983215332,49.7599983215332,49.790000915527344,49.79999923706055,49.79999923706055,49.810001373291016,49.83000183105469,49.86000061035156,49.869998931884766,49.88999938964844,49.720001220703125,49.70000076293945,49.709999084472656,49.7400016784668,49.75,49.7599983215332,49.75,49.77000045776367,49.790000915527344,49.790000915527344,49.79999923706055,49.810001373291016,49.810001373291016,49.81999969482422,49.849998474121094,49.849998474121094,49.86000061035156,49.869998931884766,49.880001068115234,49.88999938964844,49.70000076293945,49.709999084472656,49.7400016784668,49.75,49.75,49.790000915527344,49.77000045776367,49.790000915527344,49.79999923706055,49.810001373291016,49.810001373291016,49.790000915527344,49.810001373291016,49.83000183105469,49.849998474121094,49.849998474121094,49.869998931884766,49.869998931884766,49.900001525878906,49.90999984741211,49.900001525878906,49.91999816894531,49.79999923706055,49.83000183105469,49.95000076293945,49.869998931884766,49.90999984741211,49.900001525878906,49.84000015258789,49.79999923706055,49.849998474121094,50.060001373291016,49.9900016784668,50.04999923706055,50.06999969482422,50.09000015258789,50.099998474121094,50.119998931884766,50.130001068115234,50.15999984741211,50.279998779296875,50.38999938964844,50.38999938964844,50.2400016784668,50.2400016784668,50.2599983215332,50.29999923706055,50.31999969482422,50.2400016784668,50.20000076293945,50.209999084472656,50.41999816894531,50.22999954223633,50.22999954223633,50.22999954223633,50.2599983215332,50.310001373291016,50.400001525878906,50.41999816894531,50.43000030517578,50.47999954223633,50.5,50.52000045776367,50.4900016784668,50.459999084472656,50.45000076293945,50.43000030517578,50.47999954223633,50.47999954223633,50.5
MUST,20.149999618530273,20.239999771118164,20.299999237060547,20.420000076293945,20.489999771118164,20.510000228881836,20.540000915527344,20.59000015258789,20.59000015258789,20.600000381469727,20.739999771118164,20.809999465942383,20.719999313354492,20.709999084472656,20.649999618530273,20.719999313354492,20.719999313354492,20.739999771118164,20.690000534057617,20.760000228881836,20.729999542236328,20.829999923706055,20.75,20.65999984741211,20.65999984741211,20.670000076293945,20.670000076293945,20.670000076293945,20.700000762939453,20.649999618530273,20.59000015258789,20.420000076293945,20.34000015258789,20.31999969482422,20.329999923706055,20.329999923706055,20.219999313354492,20.31999969482422,20.290000915527344,20.200000762939453,20.190000534057617,20.239999771118164,20.209999084472656,20.239999771118164,20.270000457763672,20.309999465942383,20.389999389648438,20.459999084472656,20.43000030517578,20.579999923706055,20.559999465942383,20.639999389648438,20.56999969482422,20.530000686645508,20.6200008392334,20.59000015258789,20.59000015258789,20.579999923706055,20.6299991607666,20.600000381469727,20.649999618530273,20.6200008392334,20.639999389648438,20.639999389648438,20.780000686645508,20.780000686645508,20.770000457763672,20.739999771118164,20.790000915527344,20.760000228881836,20.770000457763672,20.760000228881836,20.65999984741211,20.549999237060547,20.549999237060547,20.5,20.56999969482422,20.56999969482422,20.59000015258789,20.549999237060547,20.549999237060547,20.520000457763672,20.579999923706055,20.600000381469727,20.639999389648438,20.59000015258789,20.579999923706055,20.579999923706055,20.579999923706055,20.6299991607666,20.649999618530273,20.6200008392334,20.559999465942383,20.549999237060547,20.420000076293945,20.290000915527344,20.34000015258789,20.31999969482422,20.299999237060547,20.25,20.25,20.360000610351562,20.3700008392334,20.360000610351562,20.270000457763672,20.3700008392334,20.40999984741211,20.360000610351562,20.40999984741211,20.399999618530273,20.389999389648438,20.3700008392334,20.350000381469727,20.420000076293945,20.450000762939453,20.510000228881836,20.450000762939453,20.40999984741211,20.520000457763672,20.520000457763672,20.469999313354492,20.489999771118164,20.469999313354492,20.510000228881836,20.440000534057617,20.399999618530273,20.290000915527344,20.360000610351562,20.389999389648438,20.3700008392334,20.420000076293945,20.479999542236328,20.489999771118164,20.469999313354492,20.5,20.559999465942383,20.59000015258789,20.579999923706055,20.59000015258789,20.579999923706055,20.579999923706055,20.549999237060547,20.559999465942383,20.56999969482422,20.43000030517578,20.309999465942383,20.209999084472656,20.31999969482422,20.270000457763672,20.34000015258789,20.309999465942383,20.270000457763672,20.239999771118164,20.270000457763672,20.260000228881836,20.229999542236328,20.110000610351562,20.239999771118164,20.110000610351562,20.100000381469727,20.1299991607666,20.09000015258789,20.079999923706055,20.059999465942383,20.139999389648438,20.1299991607666,20.200000762939453,20.079999923706055,20.0,20.139999389648438,20.049999237060547,20.020000457763672,20.049999237060547,20.040000915527344,20.09000015258789,20.020000457763672,20.040000915527344,20.0,19.940000534057617,19.989999771118164,19.809999465942383,19.829999923706055,19.6299991607666,19.579999923706055,19.579999923706055,19.420000076293945,19.5,19.420000076293945,19.299999237060547,19.329999923706055,19.34000015258789,19.219999313354492,19.350000381469727,19.290000915527344,19.530000686645508,19.489999771118164,19.530000686645508,19.459999084472656,19.3799991607666,19.299999237060547,19.209999084472656,19.299999237060547,19.239999771118164,19.31999969482422,19.270000457763672,19.290000915527344,19.290000915527344,19.229999542236328,19.270000457763672,19.260000228881836,19.43000030517578,19.56999969482422,19.59000015258789,19.700000762939453,19.709999084472656,19.709999084472656,19.719999313354492,19.709999084472656,19.790000915527344,19.93000030517578,19.989999771118164,19.959999084472656,20.059999465942383,20.06999969482422,20.079999923706055,20.100000381469727,20.110000610351562,20.1299991607666,20.260000228881836,20.3799991607666,20.40999984741211,20.40999984741211,20.450000762939453,20.520000457763672,20.579999923706055,20.520000457763672,20.530000686645508,20.540000915527344,20.649999618530273,20.760000228881836,20.790000915527344,20.829999923706055,20.81999969482422,20.84000015258789,20.829999923706055,20.809999465942383,20.799999237060547,20.81999969482422,20.829999923706055,20.8700008392334,20.81999969482422,20.81999969482422,20.829999923706055,20.81999969482422,20.760000228881836,20.799999237060547,20.799999237060547
